9.59013
10.6185
10.3145
9.86968
7.28491
9.67458
10.3008
9.74472
11.3781
10.043
8.91318
14.1767
9.93455
9.18501
14.6462
13.989
7.19066
10.1046
13.8024
8.89742
13.7006
13.9063
10.0025
10.1068
9.36788
6.03857
11.5765
10.4949
13.4377
8.98529
15.3417
9.17961
9.77166
9.78012
9.25643
12.8059
9.20333
11.2915
14.3693
8.5275
7.17319
13.557
11.1026
11.7283
11.3558
14.0248
13.936
9.63075
11.0141
7.79531
10.3806
14.4367
10.3115
9.79929
9.52681
9.47602
13.3034
9.29284
8.61441
4.94162
13.3133
13.7269
12.8209
13.5493
9.43085
8.98213
7.94867
9.79054
11.0206
13.3021
8.96488
12.1417
13.8847
9.76623
15.2628
13.7702
10.2373
9.74188
13.6424
11.0139
10.3943
13.2083
12.8156
7.82806
8.97306
13.5673
13.6795
13.112
12.0375
15.1802
9.58961
15.1072
14.2282
13.2418
9.91358
10.2255
10.3674
12.7575
13.973
13.9457
7.96167
9.49059
7.42413
13.1526
8.01568
13.4512
9.17367
12.0978
8.8399
5.98981
12.1125
9.52834
10.5503
9.53276
11.8894
11.0427
7.76752
9.23585
11.5089
12.0081
9.93031
13.25
15.3017
13.503
8.52708
7.47069
13.59
10.9735
9.38789
7.45423
10.1499
12.4252
7.87988
10.1356
11.4271
12.885
13.496
8.16035
12.1825
10.9623
10.1667
9.66646
13.2616
7.84974
13.994
9.47651
11.6188
9.3695
13.1543
9.51179
13.6457
11.033
9.8976
11.8779
10.0739
11.0383
6.28436
11.1263
15.1734
9.54943
13.7753
8.97813
9.82411
9.07499
13.2071
11.3836
9.99129
13.3306
9.69174
11.516
11.036
7.98528
11.3806
9.3602
13.6014
9.88443
10.5976
10.1327
9.08596
12.0942
10.6223
13.7815
11.7787
10.9259
14.0853
8.8891
9.89577
9.04779
9.92383
8.83297
9.00727
10.4528
14.1533
14.8209
10.006
7.42138
13.9058
9.65011
13.3098
11.192
10.0606
10.0005
14.7598
9.87023
10.2043
10.537
8.35183
9.27818
10.616
9.99416
10.9022
14.8796
10.2277
14.1604
14.2624
10.0168
11.4314
11.9009
9.52622
10.9121
9.20787
10.9873
7.25356
13.854
9.13457
14.6928
13.9186
9.79629
9.62331
14.3478
10.4093
13.989
9.31074
9.98185
9.76921
9.87622
10.0458
10.0788
10.2586
12.5884
5.85641
7.04204
15.002
9.30895
14.2367
11.1146
10.2689
7.19137
13.232
10.6094
13.8133
12.3039
12.5392
12.8853
7.31357
7.53137
7.75342
9.36594
13.6237
12.4634
13.0382
9.2085
10.1657
13.3857
9.44313
14.1807
7.22447
9.64935
6.14307
13.9393
13.5406
9.89193
11.0764
8.90911
10.3115
8.15134
14.7779
11.1977
13.6062
10.8798
13.0968
9.91833
11.7721
7.48653
10.1082
13.0129
9.01709
9.732
14.3628
10.063
14.706
11.8292
9.88154
10.7157
14.7494
9.63032
13.6688
13.6243
9.3767
9.66932