10.2899
10.1877
10.5209
10.187
15.6972
14.8487
10.3749
12.1863
8.49136
10.2581
9.55131
12.1751
11.8855
8.80663
11.4841
8.92098
14.9492
12.6485
8.29241
9.46335
8.51055
10.9146
5.1372
8.88004
11.1032
12.473
11.2351
9.28049
9.97188
4.1181
9.95999
9.53385
10.4289
12.3177
14.0324
10.1621
11.3754
5.45346
11.424
9.94613
9.65587
10.6772
13.5021
10.4904
10.7554
8.52313
9.58403
13.2421
10.236
6.34639
9.53898
10.2977
10.8195
7.14528
5.84045
9.58436
10.0097
13.6642
10.8582
9.88868
12.7052
14.9991
7.34557
8.81483
12.7829
10.0549
12.8877
13.5095
10.6245
9.51697
10.1279
15.7661
12.5763
14.4254
10.3165
12.9043
11.3434
9.35755
8.9564
10.275
8.61165
14.1834
9.10417
10.0648
12.0062
10.0381
12.6829
11.0283
8.13096
13.2317
10.0225
7.17981
11.3452
14.1492
9.60058
11.6568
11.9552
9.5545
10.0034
10.64
9.25864
6.43916
15.437
11.1669
10.1912
9.90265
11.5176
10.083
11.8712
11.0176
13.5886
9.19758
9.53026
10.089
11.7219
4.00088
8.467
15.0433
13.8167
9.60415
12.7378
11.3895
10.0874
10.0319
8.02388
11.9812
10.1969
9.28552
11.3221
8.92777
10.1277
11.1923
5.03933
12.32
9.88261
8.50543
14.9791
9.99272
10.591
9.0835
13.2469
9.25444
14.0309
5.15243
10.5437
14.9632
13.1037
10.3987
10.3441
8.90363
11.2042
7.5443
9.50758
9.74235
13.5619
6.4991
10.4017
12.7723
10.5174
10.5423
10.9437
9.51335
13.9359
4.22337
13.8375
10.6253
10.4167
13.3758
6.39325
12.1475
9.62991
9.92333
11.2137
10.6665
12.1248
10.5305
15.0369
14.8881
13.7152
11.8724
10.276
10.1805
14.616
14.82
13.6672
12.9402
9.2289
9.95651
10.1543
14.9404
10.6639
12.2297
11.4113
15.1371
10.5919
10.35
9.26031
10.0904
15.3993
13.3485
9.83705
10.278
13.3344
10.2215
9.82125
8.98924
13.4319
10.5644
14.224
9.53718
12.9361
15.9418
11.1705
10.2818
15.7578
9.6537
8.53445
15.8404
14.9438
12.7113
11.4668
12.813
10.7849
13.5152
15.7491
9.87361
15.044
10.2545
8.6316
8.13786
8.2983
9.57615
9.86318
12.1377
9.77847
8.60057
12.9187
9.84227
5.06628
13.661
14.3584
10.2356
12.1538
10.0476
12.7599
12.4726
4.24195
8.68958
8.9559
11.1401
15.3721
10.5644
10.5673
11.2214
12.2179
8.94327
14.1893
9.85496
14.6623
11.4317
10.37
9.07859
14.8118
15.0901
8.07106
7.01892
9.9944
15.8468
8.95625
8.6681
12.9386
10.8177
9.46292
10.1523
7.13438
9.55558
14.3111
7.04303
8.94185
9.87312
13.5008
12.1681
9.66596
11.1097
11.8334
14.2105
10.1205
12.9079
8.31894
15.5214
10.0756
15.6562
8.87826
15.5624
13.122
10.5582
9.25427
9.06117
9.89671
11.323
14.0678
9.81953
9.78976
13.0839
10.6426
6.86186
10.1423
4.22194
8.68338
7.91929
4.12635
12.9432
9.91761
10.7512
12.7024
13.919
9.29692
9.09711
15.7592
9.50823
13.8261
10.7726
15.2421
9.90494
14.3812
9.19923
10.408
8.70252
10.4669
15.2215
7.21067
8.96598
10.2665
8.68273
10.0339
14.0524
10.8822
8.62311
8.1608
15.1644
11.6668
11.8607
9.77494
7.66717
6.72941
14.8217
14.5445
11.2448
10.2199
10.2114
9.91195
14.1676
11.69
11.6632
14.9368
10.9542
8.42689
10.9545
12.9213
7.01253
9.29013
10.4149
7.25085
11.5912
10.0435
10.0039
13.0037
8.70079
9.77929
14.9403
10.0619
10.8352
13.5574
10.9248
15.8217
9.78054
9.99883
9.47104
13.9319
9.8167
9.57364
13.5572
11.4158
13.3181
13.2909
8.51437
10.4445
12.3179
9.0925
10.8275
15.817
9.79945
9.83807
10.6805
14.7789
10.381
8.81065
8.85647
7.5983
11.516
10.5507
13.7941
14.6705
10.3801
11.0062
14.8813
8.46698
15.7126
14.9662
7.68713
9.97671
12.7463
10.7079
10.1923
11.3208
14.9229
9.21435
7.95578
8.69675
10.1839
9.8609
14.3308
14.6084
15
10.1184
12.1887
11.8971
10.4263
8.86928
9.60434
15.7014
10.8085
12.2235
14.5057
10.8197
9.43211
15.1203
10.4518
9.51949
11.4066
13.7675
10.7308
11.847
9.4666
14.5599
10.9651
12.6089
11.605
12.5085
10.0566
14.6498
13.9906
9.83267
13.348
9.50491
10.0931
15.3784
10.7235
11.2583
7.8236
15.5991
10.0011
9.40391
10.3309
8.95524
7.01131
7.8589
15.546
10.7988
6.3585
15.0672
11.3099
10.1486
8.6119
5.7563
14.8415
11.0245
9.85939
7.7418
13.3875
15.1177
9.35883
8.09168
8.8015
9.99104
12.1358
12.5571
10.7929
14.4094
9.46889
12.0365
10.8756
9.65641
14.166
10.1266
8.48754
9.76304
10.5846
11.4994
9.90329
10.593
4.85355
7.73843
8.32205
15.2765
9.87507
9.51896
9.46888
11.4491
13.0296
6.72751
13.5257
12.6776
7.44681
10.0994
8.8228
15.0299
13.5758
12.3323
10.0407
10.1665
10.501
10.3865
9.87441
14.6283
8.66516
9.73413
10.0074
5.82636
9.75581
11.7083
13.364
9.86073
13.6955
15.0812
9.7404
12.8006
8.50478
9.22915
10.159
10.7754
9.64218
14.7803
13.8179
11.9397
10.4057
10.0378
14.6336
6.78368
11.6126
9.71162
10.6385
9.03279
10.28
13.1643
13.4514
13.7256
10.2853
9.24969
9.09473
9.75748
12.9298
8.53392
9.4689
10.3685
9.86701
9.52839
8.98347
9.3489
10.5435
13.3693
9.13231
10.3593
14.6741
14.3614
9.41756
11.0079
10.4806
9.84882
14.6135
10.2934
12.8855
9.65613
11.6681
6.388
9.2062
14.3048
10.3614
13.0988
12.7746
10.2407
15.2362
14.8303
11.2045
9.528
10.3893
7.6005
7.21066
9.36343
10.1138