1.09269
2.44602
9.97407
1.54274
2.0262
8.32217
7.45572
1.76519
8.53413
1.1732
4.87126
5.79423
0.346852
3.33901
2.73574
5.79394
2.90914
6.5668
3.83831
6.04946
3.3785
6.22774
2.83683
2.11194
3.81916
4.74737
0.996153
7.73976
1.45486
4.20717
5.75606
5.35958
10.7491
6.67479
0.426616
5.10874
4.02317
3.81796
4.57352
5.08987
5.58164
4.99223
1.55099
5.36263
4.73937
4.9987
1.77504
5.26145
5.1223
9.18904
4.12465
5.04072
4.32855
9.26514
5.1146
2.51826
2.5695
5.15334
6.29708
3.48981
4.03124
2.93418
5.3513
9.11796
4.58675
6.25823
5.42692
4.23799
4.71689
3.1674
4.40402
7.72651
4.15291
9.84391
3.94257
4.11682
1.58491
5.22434
2.87521
3.43399
3.24722
4.6803
5.6752
2.91985
4.56799
0.296704
4.05423
3.60521
4.81364
5.02112
6.10516
1.47876
4.96069
2.77765
2.28718
5.27945
0.814368
4.72688
2.78059
2.7376
8.36065
13.2302
4.88196
6.86633
3.62691
1.30594
4.58493
6.21975
9.81036
8.51475
5.66662
5.47305
5.65198
5.14738
5.48156
10.8977
6.80685
0.744128
0.652116
6.44275
7.69891
6.65319
2.03164
2.43333
4.86562
4.64971
2.90415
4.15789
2.99888
1.5445
4.33007
4.73055
4.23276
7.92542
5.50127
2.71426
1.50064
6.39832
5.19955
7.02937
2.37124
12.6439
5.12092
6.31081
6.17874
6.48727
7.06335
7.27525
3.40694
8.33014
2.98516
3.81688
3.86898
6.0358
5.28687
9.39973
8.50017
9.19155
3.03761
5.94825
6.49781
4.26931
2.31286
5.43787
3.69304
6.26102
6.78296
3.05029
6.92658
10.6011
5.79039
1.92167
7.46138
2.42538
3.55614
4.20797
4.03727
6.12757
9.04031
4.95691
4.95316
3.14224
8.93282
3.42617
2.88225
2.51549
5.99714
4.04055
4.76925
7.33128
4.69971
8.6828
5.66341
2.79809
1.2201
3.59124
3.06701
3.47739
4.70154
4.69112
5.5461
4.27682
2.72661
4.95014
3.75194
3.75537
8.57129
4.62259
5.20537
4.6553
3.27642
7.64498
5.00261
6.53912
1.86625
4.86747
1.76157
3.38826
4.09384
6.10273
6.06122
6.4295
4.39448
4.57007
2.21698
3.66343
5.79514
5.08707
7.41272
4.71822
0.714313
5.68889
4.48677
3.49738
7.52221
8.48113
5.16984
4.40422
2.5405
4.26084
8.23685
5.49391
2.58219
9.37883
1.12415
5.64603
6.08941
5.54305
8.49808
9.8184
3.39623
7.74514
7.10944
1.94692
4.52399
3.8114
8.42368
5.60927
8.77779
5.78488
7.37512
5.72479
5.84239
8.24377
3.42944
6.45714
3.81805
5.33358
3.71186
3.30328
4.37248
7.62762
9.40087
2.51691
3.99251
7.84651
5.96482
6.03748
3.43506
5.98624
2.93761
2.32679
12.1649
4.09297
1.61571
3.58015
3.0032
2.37125
1.44009
6.00974
9.06209
5.00195
5.80024
5.44411
4.44956
3.64854
9.07615
2.92256
3.3265
7.46047
1.36319
2.73603
6.43806
0.0544466
6.08255
6.05995
1.28454
9.21673
4.6271
7.49728
4.57763
1.74987
1.8885
0.850145
3.01005
4.04147
3.31361
5.74606
8.11215
5.93757
6.18129
2.99585
4.6029
4.54642
4.20227
7.35424
2.47313
3.69959
4.4238
8.50353
4.38599
2.62293
6.42943
5.26299
3.31064
5.07411
5.09831
8.46874
3.61074
8.6578
6.13472
5.07763
3.64403
11.7813
2.76251
5.84029
5.05783
2.13041
5.37476
7.74466
6.95081
5.08034
3.5251
3.05055
5.63681
5.54683
5.12283
6.66281
7.72025
4.97973
6.61001
3.06342
5.09218
5.88618
6.22773
1.23975
0.90613
2.53911
4.78715
3.27974
5.17463
3.95882
6.42963
4.11486
5.51678
2.7063
5.0686
4.59054
5.63491
6.31222
6.9346
4.19425
7.55946
3.05512
5.76301
2.84017
7.94529
10.3055
6.2852
2.45307
3.25987
8.79281
8.09056
3.57636
3.76443
3.25238
10.3959
5.90689
6.25356
6.35932
3.22548
2.40387
6.42889
4.80788
4.75936
11.8657
1.05298
1.99116
3.56884
8.85994
6.83046
6.04904
7.9204
5.72989
3.4103
5.96424
3.60099
6.41482
6.21071
3.5208
6.19818
6.63895
6.20653
5.20649
7.04765
7.9959
6.17326
4.80944
4.53809
3.78087
5.60061
3.45752
6.60098
6.97788
4.06125
3.37058
4.08555
6.5597
8.20183
5.10841
5.27609
2.17828
2.69896
6.04148
7.27558
3.18089
4.21395
2.02667
4.45634
6.82759
7.03225
4.22243
3.67818
3.35763
4.29052
5.68635
3.73047
5.32175
5.77216
10.7796
7.9378
5.51605
7.69276
1.88345
5.10015
5.67753
4.8713
5.55231
6.73801
5.95286
7.35968
1.72666
6.66773
4.37976
3.54701
9.72572
4.77806
5.11296
6.35557
4.6026
3.92134
3.68072
2.70243
7.26345
9.92336
5.38933
0.900681
6.6571
1.66212
5.77156
3.47326
0.814186
3.43736
6.86767
4.89427
2.11939
0.707161
4.73248
2.28282
7.6785
1.63904
6.94692
4.22185
3.95126
2.30277
2.41135
2.21498
4.91565
5.69571
3.34967
5.41619
6.03298
4.49877
3.55545
1.53327
5.0988
5.63802
8.24085
5.28103
7.73658
6.84589
5.37394
5.44046
5.3118
2.89648
5.39406
9.03895
2.43052
3.30683
7.0984
1.55819
4.24252
7.68851
8.19233
4.92824
8.06833
9.15424
3.08307
5.03804
2.13017
5.43132
12.4065
4.97745
5.19403
3.00987
3.74124
6.20603
3.18374
2.5485
4.65721
5.64478
3.50027
5.7479
7.04313
4.82034
2.63255
5.2748
4.01491
4.46472
3.64595
4.22498
4.33303
4.00172
4.78157
8.23717
3.65619
4.04768
8.52583
2.9961
1.27536
5.42727
5.74707
3.22236
3.49586
2.81802
4.1813
2.90945
2.22489
1.80839
1.30877
8.71042
3.5329
6.40574
0.366258
9.51204
6.83577
2.97352
2.81981
3.82264
3.97448
3.93209
5.46798
3.30657
4.71652
3.01611
4.61229
4.90142
2.18131
2.99985
7.99493
4.08797
0.702146
5.67933
7.41031
0.873886
3.26102
5.08993
1.13035
3.93826
4.58672
1.92689
10.0634
6.6846
4.9015
8.0077
7.76092
3.65965
3.4087
4.65537
5.72025
8.5444
0.45404
3.77834
6.06935
3.49175
9.2809
6.16143
4.90391
3.52536
5.45436
6.07922
1.36677
6.55023
6.00028
4.97931
5.81651
6.88018
7.45425
2.79744
2.79295
10.469
5.9902
4.31313
2.46378
3.87618
4.45473
9.64532
6.30953
1.83059
4.6053
2.26775
2.40699
4.8996
8.56142
3.58246
10.2879
6.80155
5.92144
4.09972
11.7506
8.28228
6.46826
5.33398
6.60166
3.97988
6.92482
4.15053
6.18145
8.88358
5.62476
7.04264
4.33898
6.90752
4.67597
8.52343
7.43516
6.38327
5.32645
6.56377
9.05991
4.42843
2.70524
5.45123
2.72955
3.74825
7.90052
4.08902
6.25496
2.17355
4.34526
10.6843
7.97928
7.63392
5.26043
1.20455
7.49235
3.22382
4.77452
2.56045
0.839457
6.08526
4.90449
3.80765
6.54124
7.11724
7.08515
0.9926
2.55909
3.73379
8.50027
0.618351
4.39842
9.73048
2.46577
4.12289
5.70694
5.30473
5.37504
4.62804
3.87169
9.33251
4.7142
3.65576
1.21461
6.09274
2.51798
0.762709
8.86107
8.09779
2.34603
5.63766
8.56983
5.22051
2.28376
6.36629
3.04218
2.25743
4.89085
6.1586
6.21825
4.93763
5.60823
7.16397
2.22922
3.1187
2.88634
0.733119
7.13824
3.06345
2.83074
3.41988
5.60464
3.93497
6.1403
2.52474
1.95308
5.34782
2.75242
9.49914
2.51433
5.77429
5.2959
3.60633
9.38181
6.05592
7.46327
3.51207
7.60157
2.6984
1.58926
6.07537
2.80185
6.51657
5.10036
6.00275
3.91271
7.92088
3.66519
4.94574
4.31955
0.0768684
4.43052
5.90838
5.27387
4.17374
10.8512
6.07363
2.92488
7.34565
3.70872
1.17843
0.454419
5.53272
3.91553
6.27699
3.51109
2.21728
1.29836
5.44494
5.56213
3.10477
6.76391
6.48111
2.67141
2.80554
1.73453
1.53191
6.69741
6.26124
9.62357
6.2768
5.37084
6.8012
0.710963
2.65398
6.78505
6.70885
3.00302
3.24208
5.9893
2.00367
2.61886
9.14065
5.5793
8.46814
3.56317
3.79363
5.5123
5.35724
2.34202
2.41358
4.01115
8.4669
7.4487
5.50733
5.54802
7.04107
2.68362
7.8968
4.43719
5.38718
4.72594
3.50489
3.21229
3.00455
6.51093
3.57659
3.82595
6.24306
8.72194
9.3451
4.71206
2.60284
1.61296
3.48806
1.7703
6.24397
2.56116
6.54751
5.34486
5.04938
8.37593
2.10994
4.07638
7.26933
6.8183
5.95361
3.53246
2.71838
4.72171
2.95733
7.74802
5.19544
3.894
4.74191
3.76241
4.45668
6.56422
3.89393
6.13656
2.95081
2.80504
7.18688
5.20969
1.73577
3.8787
10.1721
2.74039
7.73071
3.68362
2.21492
1.92555
5.65753
5.08971
2.37246
2.39722
4.36071
3.18443
2.58207
7.9529
4.87946
8.55953
6.1341
7.6051
4.09168
4.85994
1.45795
2.59253
4.54671
3.99712
6.53239
8.26059
3.41296
3.799
6.28936
5.8969
2.56017
3.32807
7.2425
6.36329
3.98884
4.63413
9.09263
8.99269
1.63395
4.20921
5.34114
7.48442
2.72329
5.7216
3.67304
5.09122
6.75615
7.17414
2.18334
2.49127
2.77399
4.75658
4.92265
5.34606
3.41314
6.57498
4.08775
6.57067
7.0124
4.41196
4.93543
1.24104
3.8145
9.30715
7.27589
3.2246
5.24049
3.86491
5.84172
8.98051
5.13578
7.03979
6.28728
6.75186
8.90519
9.67785
4.51242
3.45106
3.44734
3.11573
1.40338
4.83447
5.36167
6.02382
1.92782
7.32853
6.49833
6.58561
3.75217
5.12036
5.15804
5.85031
6.16331
5.44191
3.57242
2.22263
3.46689
3.82402
4.43974
6.23221
2.14369
5.06048
8.15483
9.52722
8.1869
5.08683
7.11005
5.08378
6.87908
3.61992
5.79375
2.87817
6.26221
5.67415
2.95767
2.97385
3.89545
2.63112
7.6172
3.79288
6.98611
5.45341
5.68664
7.94655
4.52345
7.44407
2.45113
7.22087
2.5107
6.15803
4.79438
3.99591
0.668421
3.73944
2.28783
6.58451
6.27567
4.84848
5.00304
6.94253
9.61764
6.65283
5.6315
5.88631
4.24303
6.15777
5.1928
7.82955
1.82386
3.2488
8.08296
5.00025
4.79289
4.66484
3.14716
4.44831
7.27087
7.14877
6.49762
3.61911
1.70355
5.84962
1.76952
4.16973
7.57607
5.87469
3.41573
2.35179
2.74159
3.44897
8.36216
7.34526
6.51841
7.98524
5.73224
5.41201
5.79153
4.32125
7.6939
2.20736
1.46587
4.18646
6.74804
7.00941
2.79729
1.73484
4.4985
9.32638
3.79708
5.60692
5.7392
5.04895
3.13357
5.05863
5.33464
5.41761
4.30115
5.11016
7.22322
1.98783
8.8101
6.42073
3.25137
6.84842
11.5895
4.65396
3.57371
2.69771
5.71565
0.637699
5.65524
8.59607
5.03612
4.26382
2.06589
4.29568
2.54955
6.28059
1.98189
5.04217
1.33309
5.67123
10.389
5.40198
7.18602
2.34963
6.69017
3.91309
7.63905
5.86037
5.2971
3.36016
3.93766
2.86859
4.6775
7.57539
8.21652
2.50906
4.23557
3.26981
8.76393
2.25388
3.53235
5.49069
2.09254
7.01916
3.42538
6.82236
5.16576
3.50926
2.31455
6.05261
1.9802
4.14763
2.64434
5.26506
3.90849
3.29104
4.25616
2.91315
5.28278
3.86672
1.76269
3.74138
7.62472
3.3058
7.03546
2.55057
5.56954
4.75834
6.06671
4.03113
6.91198
6.78165
3.76857
8.75041
4.53299
9.06807
8.44727
5.6314
2.6044
4.24709
4.88708
4.45286
2.52516
5.18069
6.74199
9.90386
7.96367
4.2123
3.10611
2.70897
8.41448
4.04211
2.74009
4.67971
7.79045
4.90612
11.6297
3.22437
2.75117
1.24302
5.63334
4.97997
7.45994
5.85698
6.04331
7.48509
6.83644
3.18549
1.58918
1.02629
12.3455
3.44132
2.58284
4.3875
2.53129
5.52945
2.66848
7.8685
3.36332
7.98079
3.44671
5.54384
7.78088
12.2488
0.156687
3.18981
5.4346
3.83179
6.31403
6.74925
6.85753
3.58293
4.71119
6.875
3.01719
6.47702
2.7093
3.42569
3.31662
3.24896
8.26923
6.49433
4.42309
4.72419
5.14793
3.97977
5.58918
9.31659
3.45297
1.98755
2.65009
4.55245
6.33298
3.28267
2.25083
2.16681
5.07905
3.85853
3.31076
1.88819
3.75238
4.48945
8.15617
5.86909
9.57114
4.07783
2.47979
3.57466
7.10543
3.72122
4.47894
5.8668
5.04289
3.50432
3.51037
2.37505
4.76465
6.87734
8.93344
4.28651
5.66328
4.88756
5.73628
3.81914
4.65349
5.72068
4.00437
5.09838
10.5149
3.04746
4.09368
7.9811
2.00819
3.83236
4.35853
6.12257
4.54404
7.15129
4.12233
8.84232
2.60485
4.55506
4.39402
2.15102
7.68807
4.04404
9.63097
3.24124
8.47239
6.98346
5.66866
3.0519