4.99367
0.918992
1.38794
4.21893
1.19812
2.07868
4.3268
3.01502
2.26346
2.99686
3.08153
2.67976
1.50571
3.28369
2.19479
0.943309
2.04719
1.76904
1.15946
1.12621
0.223112
1.56826
1.04989
4.18484
2.39967
3.81722
2.70544
2.12422
2.33341
1.00108
1.43796
0.711879
0.42565
2.64118
2.93725
2.60127
2.89099
0.623746
2.83354
0.665024
0.767985
2.1369
1.10476
1.41065
0.538269
0.762756
2.28829
0.533682
1.42226
3.77169
1.18062
1.90158
0.820858
1.79624
2.78605
0.95225
1.93153
0.320171
1.49041
2.14954
1.0016
2.16579
3.00033
1.67984
0.909897
1.9958
2.56786
2.75056
2.82938
2.05721
0.574964
1.58625
0.601455
1.91726
2.04434
1.85947
3.15899
2.55633
4.62457
1.69496
3.41558
0.821192
3.01409
3.41001
1.76497
2.54687
1.61377
0.325356
2.51534
2.35649
2.12517
2.93071
0.838103
0.301117
1.48861
0.732148
1.23786
1.73102
1.92922
2.46869
2.62824
1.90419
2.31752
2.90276
2.62021
2.78158
0.606306
0.738292
0.391019
3.36067
0.750614
1.50609
0.993925
0.827627
2.70122
2.77934
1.03705
1.91659
4.40759
3.62343
0.775611
2.07691
1.70931
3.83237
0.985942
2.75824
2.55014
4.67564
1.93117
3.28529
4.88265
2.26856
1.28986
2.60783
2.38581
1.30033
1.03946
1.94767
0.859196
4.92337
0.732725
2.65366
0.205927
1.76116
3.40057
1.39227
2.50524
1.21634
1.83125
2.75098
3.50281
2.64531
0.52864
0.728284
2.05942
3.16053
2.03535
4.18119
4.6302
1.57179
1.08433
1.60046
2.66102
2.77009
2.50429
0.625525
3.10898
2.97877
1.23433
1.31685
4.3652
1.87335
1.577
0.00202012
3.62749
0.0300117
0.931637
0.0919861
2.49204
2.95576
2.51802
4.42353
2.11916
2.22916
2.0008
2.88761
2.39977
2.77026
4.28813
0.177402
1.37885
3.63161
1.44798
1.51946
1.45375
4.16006
3.50833
3.05321
2.25737
1.82341
1.12298
0.50012
1.41434
0.150104
1.23475
1.74307
1.97848
1.70703
1.92942
0.714228
3.28863
0.927539
1.38762
0.960798
4.11169
2.76323
0.788659
1.28559
1.79306
1.6909
2.94107
1.37059
2.81147
2.13005
0.716673
0.868236
2.76511
2.91808
4.61249
2.82388
2.32175
2.76274
4.3035
2.46314
3.12744
3.92827
2.68095
2.72563
2.39365
4.27876
0.919051
1.57353
4.26602
0.674153
2.53744
4.3195
4.702
0.470148
2.13666
2.76236
2.3085
2.42414
2.80397
2.00427
2.38011
0.482161
2.60537
1.75367
1.1567
0.0179423
2.11435
1.03833
0.167675
3.85445
2.99136
1.9439
1.8543
3.08549
1.9213
1.03697
2.38995
0.783998
1.51339
2.08516
4.14125
4.09481
0.486435
2.51311
2.17826
2.55652
0.77452
2.63056
0.790743
2.65875
1.32434
1.73355
2.43529
2.72088
2.31194
0.148128
1.00964
4.80884
2.37813
2.60355
2.45144
2.17992
1.55837
1.78396
3.72144
3.13201
2.46617
0.184848
0.095258
2.83037
1.32722
2.98339
4.99933
3.03812
2.07862
3.37901
2.5498
3.84677
0.3881
2.99322
1.71448
0.265835
3.15299
3.44997
1.60819
0.531117
1.16318
0.873424
1.79888
2.23498
3.31914
0.291429
0.71419
2.38333
3.42366
1.09224
1.22514
4.92794
1.29985
3.77459
3.50135
1.47375
0.243293
2.86149
1.04772
2.15891
0.162607
2.73223
3.32826
3.29758
2.06718
2.25492
3.17392
1.57627
2.83351
1.88157
3.38686
4.20326
2.31368
2.87755
1.72188
2.64196
0.322266
0.886636
3.73041
2.9217
4.37445
1.89642
0.780956
1.92656
2.01939
1.82878
1.36826
1.37303
4.29561
3.28347
4.45786
4.99321
4.21852
1.26233
0.0530737
1.94455
2.73717
2.1171
0.158821
3.42053
0.66865
0.590809
3.76224
1.94861
3.87842
2.31095
3.07933
3.3381
2.23955
0.379946
0.373067
3.82336
0.848673
2.07092
0.450771
1.38266
4.08516
2.15335
2.34666
3.26605
2.63302
1.48308
0.335489
1.27514
2.89097
2.72571
2.48793
0.854766
3.24025
2.70437
3.54283
3.3134
0.472423
0.459212
3.76397
3.07334
0.467752
3.53041
3.14923
2.77822
1.20923
2.0007
4.11702
2.70314
1.99438
3.74651
2.38138
0.221992
3.1138
1.60956
2.50143
1.14334
2.62528
2.37027
3.27366
4.38228
1.80087
4.91959
3.0219
1.95683
1.78074
0.740456
2.23836
3.42898
3.95972
3.38874
1.94851
1.33144
2.7011
3.11163
2.70694
2.14209
3.43832
2.54847
1.98725
2.31416
1.67924
2.67116
3.95477
1.3641
0.730115
4.42859
2.82644
1.94062
2.57632
1.68787
1.22313
1.45133
2.87691
0.333441
2.10389
0.527946
0.733936
4.84668
1.64259
3.10289
3.8581
1.78183
3.34597
1.62159
1.32797
1.68499
3.04883
2.4269
2.09352
2.73501
1.55002
3.54082
3.42375
0.904597
1.52947
4.24895
0.602293
1.19567
3.57893
1.65812
4.69528
0.234087
3.40437
2.18517
2.09348
4.40178
4.35671
2.76651
3.57998
1.98155
1.56427
0.403708
1.96961
1.1426
1.61
2.29712
1.51268
3.78078
2.09561
1.29199
4.46411
3.90595
1.17907
1.54839
1.4027
0.828928
0.622251
1.04249
1.4801
3.64303
1.76512
3.20961
1.07689
4.72307
3.71436
0.675142
1.63983
2.31675
2.80043
2.62548
1.67
0.514997
1.0769
2.90329
3.01522
3.11503
1.25062
2.71455
3.74105
1.68277
2.23479
2.13838
1.50186
2.54896
0.150974
2.74585
1.89481
1.20265
4.7431
1.47371
2.11094
3.03314
3.77317
0.319852
1.88727
1.18008
2.07568
0.926476
0.573393
1.74187
0.178658
1.55503
2.23369
2.05104
3.68036
1.98046
2.11985
1.78208
3.73541
2.98078
0.670486
1.78793
3.47797
3.39177
4.11901
1.25117
2.61052
2.10659
0.485267
3.17071
0.299907
2.84074
4.15455
2.83852
3.15551
1.04416
0.0547764
3.48019
3.9727
1.23791
1.03335
2.97672
0.925945
4.7922
4.66253
2.67435
0.142898
3.08003
1.65108
2.15904
2.99249
2.35837
1.41118
1.84531
4.63413
1.67948
2.18876
3.48684
4.45293
1.30097
2.05646
1.91992
1.7254
1.08599
2.3
1.2885
2.29754
3.63735
1.23468
0.89378
1.14615
0.706422
3.03484
0.898943
2.04994
2.28135
3.68973
0.131159
2.2734
1.51407
3.21027
3.64489
2.99079
0.586564
1.45534
2.60117
2.37086
2.88672
2.62721
1.19358
4.49942
4.42835
1.42134
0.971783
1.49601
4.69207
2.35997
3.48826
0.837578
1.99525
2.49711
1.00871
1.60034
2.49196
3.45445
1.01726
0.222704
1.47661
0.749421
1.34341
3.6598
1.69523
3.78928
1.82178
3.70808
2.64054
1.21853
2.22552
1.42796
0.596851
4.10005
0.73233
1.62403
0.449202
2.61961
2.80715
1.57308
1.70792
1.49954
2.25904
0.618746
2.09717
1.55155
2.87451
3.70693
1.77136
3.5425
2.00803
2.21962
2.10651
1.33382
2.41054
0.393113
4.34765
3.13171
0.303742
2.12363
0.362883
2.33656
4.35935
2.53927
2.22492
2.82953
1.01715
2.31081
2.70751
0.874549
4.23446
1.01989
2.40168
3.52442
0.660331
2.74399
3.24398
2.67611
0.0733507
1.09874
2.59871
0.275262
2.75096
2.75175
2.72829
1.78253
2.69071
2.58768
4.3798
4.83884
0.622571
0.45412
1.8821
4.21738
2.86899
2.01816
0.317047
3.033
2.75346
1.11724
1.78984
4.28551
0.213446
4.11101
3.50173
2.69502
3.62192
2.65667
1.97147
1.46895
1.63211
1.37715
1.21494
0.200523
2.65558
2.88351
2.53967
0.750142
1.97142
3.99675
0.72835
1.80772
1.30615
3.16487
2.71392
0.199057
2.0999
3.93947
2.8521
2.56917
2.39418
2.57259
2.95755
2.61642
2.0078
2.51967
1.2845
3.30437
1.18783
1.96372
3.66025
1.08475
2.20837
0.755222
2.39785
1.31206
1.10472
2.30686
3.52649
2.17439
2.32533
2.70761
4.97517
0.984339
0.708653
0.457132
2.54957
1.50164
3.75973
3.29368
1.89514
2.21168
1.97104
2.57828
2.35381
4.34227
3.88681
2.83989
1.71736
2.77404
1.06588
2.53069
1.84099
3.37844
3.06275
2.84847
1.67406
3.35924
3.04571
0.341413
2.22472
2.52837
1.34542
3.26666
1.21161
3.85586
1.30063
1.03841
0.0963882
3.53782
2.5435
3.55168
0.818012
3.65078
2.87101
0.588162
0.156988
3.18203
0.221413
2.14429
0.529931
3.14092
3.6501
3.69636
3.7186
3.64919
1.99119
3.84525
2.2901
0.38503
2.43864
2.34473
3.15269
1.43454
0.291914
1.7901
1.3867
3.29484
2.15282
2.79066
2.11103
1.97728
1.86694
0.281668
0.580649
1.7741
0.796381
4.45965
3.31899
1.54189
4.37833
0.62732
0.640651
1.47614
1.56876
3.5637
2.20571
2.52395
4.64202
3.25076
1.06879
1.98447
2.36882
1.13298
2.78409
1.37337
0.990472
1.78651
0.918772
3.27515
0.54079
2.60539
1.19504
2.40023
3.60046
4.08419
3.36733
2.06406
2.59854
0.99785
2.0261
1.48328
2.71754
2.92482
2.38218
2.22231
3.30704
4.73014
1.53454
2.49183
3.07987
3.22028
0.465613
2.29879
0.0729611
3.19111
2.79408
4.39712
2.18394
1.64974
2.06989
1.89528
4.91413
2.47352
3.19282
4.48415
2.08829
0.599977
4.60772
0.728509
2.57655
1.05029
1.12578
0.112589
1.68216
1.591
2.92259
1.6851
0.158993
0.779363
2.42329
2.97064
3.59659
0.803819
0.363685
1.81583
1.2363
2.03693
3.6479
1.97785
0.474855
1.50016
2.10488
3.00422
2.81616
4.66285
1.52014
3.28273
0.369957
3.02278
1.46272
0.590446
4.09999
3.02578
0.626141
2.9166
1.11657
4.39127
3.03557
2.99548
2.16258
0.56017
2.6481
0.533925
2.94334
2.23837
3.03606
3.58276
0.252106
0.590658
2.66731
4.34971
2.08563
3.57481
0.546919
2.90956
3.52383
3.35471
2.9005
1.82254
2.5993
2.20879
1.70043
1.63689
2.46258
0.613108
1.36518
2.00375
2.56414
0.938106
1.41837
1.72414
3.80995
3.9795
3.75746
1.97841
1.93772
2.16096
1.7082
1.81829
4.56604
1.6867
0.688064
1.23784
2.81846
4.40672
3.95719
0.390429
2.65475
3.96614
0.433566
4.31392
2.00381
1.99637
1.29917
1.8971
1.42331
3.0161
0.47319
0.973019
1.90558
1.41354
2.27185
2.65304
4.52863
1.01957
1.86348
4.13165
2.9206
1.51217
2.96179
4.57824
0.173116
1.29583
3.10287
1.97034
3.2233
1.19415
1.56484
1.74311
2.82794
0.280929
1.82985
4.11312
1.93203
2.18281
0.673769
1.00603
2.08685
1.42314
2.50667
4.20308
1.31672
4.79805
1.1235
3.80969
1.1296
1.34009
1.99276
3.3346
0.55337
3.53345
3.20726
3.40251
1.09595
0.661982
3.52883
0.820505
2.77892
2.64665
2.12595
1.67967
3.98096
1.10365
2.56148
1.62835
3.33253
2.25728
4.51909
2.71957
4.44169
0.693382
1.93409
0.185331
1.43931
1.52628
2.73501
2.00225
4.78268
2.08665
0.690652
0.172328
2.77198
1.72244
2.10088
2.99798
0.497665
3.27427
1.47876
0.0324134
0.706333
2.81203
0.988558
0.583027
1.63152
2.9911
2.17168
2.91332
3.38283
0.00885233
3.3057
1.59032
2.46806
1.93515
1.95308
1.3148
1.85424
1.36125
1.87426
3.85438
2.57292
2.34054
3.86482
3.15031
1.13115
2.27561
2.78346
0.0238624
1.02387
2.70608
3.02964
2.24517
2.95563
2.45155
2.00231
3.50934
0.423666
2.99871
2.31583
0.671652
1.93877
3.1721
4.94376
1.304
1.34892
1.90645
3.039
4.23443
4.01225
1.67334
1.95076
2.07528
2.47515
1.6287
1.16061
3.76709
3.53065
0.194581
0.988226
3.15463
3.14664
2.05838
0.687429
2.38405
1.57771
2.19104
0.417441
1.0714
1.02889
1.62827
1.12414
0.728965
0.821287
2.24635
2.36581
1.95632
0.500752
2.07339
3.6844
4.04176
0.92734
1.4801
2.24925
1.61027
3.21913
1.20235
3.16884
4.39336
2.80377
0.988794
1.49417
2.48884
1.58312
1.62538
0.949834
3.07802
3.10936
4.56732
0.78063
0.803873
3.73069
1.55104
1.53267
3.25208
3.15586
0.358496
3.37898
2.41647
0.138943
0.452978
2.34816
0.0552839
2.69708
2.06174
3.81005
0.895397
0.626337
0.128095
1.8741
3.16658
0.926477
2.18758
0.203212
0.403305
2.6514
1.14665
1.79824
0.877519
0.449111
3.99022
1.09301
1.84798
0.528131
2.38914
0.492858
2.49379
0.768381
1.92036
2.22432
4.53282
1.43893
2.59525
1.01689
4.46512
1.24367
3.37122
0.618002
4.95646
1.78087
2.69954
2.2839
0.810525
3.2529
0.317742
3.36151
1.70053
2.45568
3.04044
2.19398
1.64024
2.36858
1.43613
4.08937
0.600234
2.1016
1.51148
4.46495
0.724046
2.2852
3.37049
1.77833
1.22702
3.11493
2.24435
0.965187
0.668178
2.17713
2.04816
2.37905
4.13977
3.01822
3.49429
3.49672
1.59824
0.936625
3.51126
4.66204
0.321788
3.12667
1.20679
2.97485
2.77
2.01281
1.10533
0.615149
4.53181
2.83057
1.80311
2.17434
2.90821
2.43648
2.19171
0.603541
0.707655
2.9095
2.89804
1.65837
0.432606
1.93676
2.18532
0.159976
2.73404
1.46237
3.40908
4.67185
2.03531
2.10752
2.08259
4.19313
2.86296
3.56161
0.767086
4.16065
1.25998
4.21944
2.16965
0.577363
2.02321
0.67483
0.49859
1.89712
3.23441
1.04084
1.24076
3.24577
2.1286
3.76677
3.64408
2.5455
2.6715
1.6651
1.93271
2.34563
2.13669
4.42474
1.5736
3.18032
2.67206
1.34138
0.386366
1.09247
3.16946
0.462736
1.39893
1.34101
0.94412
3.18334
4.52999
3.15558
0.825123
3.48369
2.79692
0.0231572
1.58777
3.35518
0.152868
0.956855
2.0915
2.89896
3.8039
3.95426
2.77495
1.11672
1.71443
2.52959
0.77463
2.82001
0.621566
2.34355
1.35593
1.20255
1.78134
2.75183
2.31655
2.74729
2.40299
2.54874
0.279074
1.85907
3.22022
2.41516
3.73246
0.678197
0.947989
4.21317
3.96308
0.574495
1.34144
0.116315
4.28224
3.5235
1.51085
1.11
4.68665
1.15212
2.31848
0.437561
3.92306
1.80122
1.98599
2.54044
1.22095
1.79483
2.2844
0.669411
2.57424
0.213575
1.49665
4.88927
0.979918
0.233337
1.67896
0.430395
2.28727
0.314943
4.17362
2.68602
2.67065
2.29918
2.49285
2.48851
2.1967
0.823688
1.52897
3.38044
0.493606
3.46398
3.84182
2.41691
1.63394
2.47023
4.34242
1.26244
2.25133
0.635092
4.09966
2.47088
3.46208
3.60513
0.568951
3.51976
1.61356
1.02761
1.07328
2.06658
1.78397
4.27754
0.931487
1.07978
2.92038
2.52716
0.0527725
1.59882
3.57286
2.627
0.0773677
1.81315
2.97825
1.97877
1.78797
2.12788
3.73723
2.60708
1.56769
0.857882
3.27012
1.1887
3.94537
2.27306
3.17787
1.93178
3.09165
1.67993
1.40708
3.95541
0.46203
1.13582
2.24017
2.58583
2.32256
0.420046
0.858237
0.36483
4.34024
1.39731
3.80785
2.73159
2.04255
2.38104
2.25954
4.47637
4.56843
1.63638
2.38005
0.588633
1.33649
1.21927
1.98015
0.562877
2.78586
1.58072
3.87853
1.26009
1.33913
0.894317
3.41254
1.69038
1.81502
3.66989
2.59537
1.22025
3.73669
1.22052
1.68892
0.935679
0.10835
3.17032
2.71988
0.733195
0.509452
0.681593
2.64589
3.52756
2.89877
3.66303
0.41424
4.00562
0.857215
0.379033
2.52015
2.44878
0.994444
1.21668
3.27843
4.76019
1.79931
1.14981
2.29896
1.80974
2.09937
1.63373
0.949167
1.46631
1.22064
2.59516
1.44763
0.154574
3.46477
1.33493
1.22668
3.00167
4.53415
1.42727
3.66325
3.7944
0.686184
1.8795
2.89551
2.98574
0.562301
4.00881
4.89858
1.53758
2.27191
0.503376
3.34258
2.36103
0.160848
4.06116
3.20322
2.89477
1.13441
0.402828
1.73954
2.69248
1.48222
0.317605
0.184331
2.43014
2.87291
4.16573
1.32664
2.17391
3.32465
2.18935
3.28808
2.12964
0.186191
1.11935
2.25099
1.42797
2.44786
1.79185
2.44219
3.48
1.13937
2.45724
0.0504812
3.94008
2.68666
3.12004
3.5861
2.19716
2.32589
1.27097
2.91643
1.22337
1.71677
2.81949
1.94216
3.35733
0.266284
1.83837
2.47418
2.31916
2.25561
1.38311
4.25964
1.87168
2.35442
1.85289
1.63355
4.45643
3.30281
4.89875
3.7299
1.87498
3.62389
0.90849
1.14622
3.00402
4.76657
2.7312
0.916303
3.15259
2.42709
4.01065
3.17469
2.18219
0.994609
1.3409
0.972417
4.11786
3.63132
3.16811
4.71712
2.19405
3.08663
2.7485
2.05986
4.88078
1.6089
1.7408
0.467429
0.0455404
3.578
0.723144
4.04813
3.42556
2.87736
2.4993
3.37858
2.76403
1.243
2.83087
1.31655
1.89592
2.4097
2.86016
0.830404
2.02014
2.57149
1.06278
3.3062
0.95945
3.49383
0.748661
1.98861
1.89591
2.19855
1.89527
4.73046
4.01251
2.06562
2.86385
0.760879
1.95977
1.34007
2.86069
2.78036
0.881996
2.65157
0.947153
4.0895
3.01917
0.681104
1.26027
0.768385
2.42039
0.130316
0.92406
2.51178
2.95215
2.57067
1.14042
1.70098
0.0115358
1.6911
1.32438
2.1147
2.90115
3.60535
1.87258
2.61605
0.164262
2.63188
1.67957
1.43258
2.30747
3.37007
2.17072
2.3444
0.773293
1.36927
3.2582
1.93972
0.258899
1.329
1.99569
2.37489
0.406072
0.203129
1.36957
1.73318
3.44113
2.39336
1.63158
3.04123
4.1298
0.458874
0.886736
3.07188
1.7747
3.11395
3.37337
2.28263
1.30915
1.84147
4.7843
2.99136
3.78804
2.01268
3.12068
2.60564
1.17995
0.96693
1.97507
0.807449
3.67853
1.04761
1.78381
2.81355
1.7593
3.03252
2.47524
0.629457
3.25389
1.74503
0.415315
2.60622
3.66162
1.38395
2.70881
2.79947
1.34293
1.72744
2.28993
1.1291
0.271559
4.55379
2.54307
1.89906
1.64328
2.66262
1.80045
2.77644
2.47004
3.40902
1.09721
1.32115
1.80593
2.73066
8.68138e-05
0.751299
4.16694
3.50693
1.38711
3.05403
2.62064
1.8045
1.75362
0.608613
2.80664
1.90422
1.14302
2.59875
0.950958
1.84127
2.55559
0.117367
2.90181
1.62649
0.766386
4.11346
1.71825
2.26284
1.03649
3.26022
1.12692
3.60464
0.132318
2.21941
4.10063
3.20142
2.08723
2.03777
0.937396
2.56074
0.509443
1.30064
1.50748
3.39693
0.282034
2.09
3.06767
2.19531
2.21813
2.43436
1.30587
3.56051
0.0217186
3.51614
2.28302
2.10364
3.31483
0.263943
2.85292
1.40983
1.66057
2.5638
2.30243
2.84658
2.20735
4.16149
4.04205
3.46283
2.77677
1.97603
1.88935
3.88048
3.99148
3.44241
3.13533
1.11362
1.6882
1.86551
4.08253
2.30117
2.8761
2.62772
4.25029
2.26365
2.04305
1.12997
1.80721
4.53053
3.30313
1.58812
1.97776
3.2971
1.92654
1.57476
0.985116
3.33914
2.23837
3.69726
1.32738
3.13365
4.94045
2.54484
1.98121
4.7776
1.43068
0.777694
4.8466
4.08522
3.04365
2.6459
3.08389
2.35841
3.37594
4.77068
1.61893
4.16749
1.95652
0.815062
0.630791
0.68352
1.36226
1.61016
2.85018
1.5384
0.803207
3.12652
1.59253
0.120947
3.43978
3.75715
1.93935
2.85469
1.76806
3.06277
2.952
0.0235065
0.837014
0.966654
2.52985
4.49716
2.23843
2.24111
2.56625
2.87277
0.959621
3.6815
1.60323
3.90403
2.63439
2.06118
1.03385
3.98555
4.20764
0.61783
0.371716
1.71964
4.8522
0.966847
0.828912
3.13468
2.37404
1.25988
1.86366
0.403142
1.34389
3.73571
0.378339
0.958832
1.61852
3.3695
2.85873
1.44139
2.51496
2.76614
3.69136
1.83474
3.12214
0.691954
4.60724
1.79368
4.7001
0.92305
4.63438
3.20883
2.23273
1.12683
1.02443
1.63831
2.59902
3.62214
1.5733
1.54802
3.19343
2.29117
0.343729
1.85458
0.0215809
0.834679
0.587991
0.0123363
3.13657
1.65579
2.34242
3.04014
3.55276
1.14889
1.04382
4.77868
1.30123
3.5111
2.35258
4.35276
1.64519
3.76756
1.09807
2.09571
0.841881
2.14928
4.33181
0.423525
0.972254
1.96738
0.834434
1.7555
3.61483
2.40485
0.811825
0.635219
4.27595
2.71217
2.77357
1.53538
0.537145
0.321532
3.99273
3.84497
2.57379
1.92512
1.91737
1.65106
3.67071
2.71992
2.71094
4.07968
2.43939
0.735419
2.43957
3.12761
0.369958
1.14539
2.10199
0.434145
2.68696
1.76425
1.72786
3.16146
0.841229
1.53909
4.08247
1.7812
2.38236
3.39487
2.42524
4.83045
1.54016
1.72331
1.26733
3.55864
1.5709
1.36002
3.39478
2.62921
3.29017
3.27865
0.769878
2.12889
2.90121
1.04134
2.37871
4.82639
1.55626
1.58899
2.30901
3.96554
2.07115
0.88432
0.910648
0.522893
2.66209
2.22579
3.49702
3.90825
2.07034
2.46451
4.03692
0.751294
4.74222
4.10309
0.541232
1.70498
3.05739
2.32192
1.90007
2.5983
4.06883
1.10601
0.595216
0.839711
1.89243
1.60824
3.74462
3.87666
4.13055
1.83278
2.86452
2.78354
2.11235
0.917947
1.38728
4.73365
2.36964
2.87436
3.82613
2.37498
1.23143
4.23485
2.13556
1.31143
2.62619
3.48539
2.33276
2.76986
1.26326
3.85253
2.44467
3.00386
2.69155
2.96553
1.7763
3.89761
3.58575
1.58442
3.3029
1.29822
1.80972
4.50475
2.32932
2.57814
0.568887
4.65952
1.72528
1.20514
2.02572
0.966289
0.369621
0.575961
4.62346
2.36505
0.260204
4.18754
2.59478
1.86029
0.807545
0.194288
4.00719
2.47339
1.60696
0.552369
3.31986
4.23252
1.1806
0.621841
0.879021
1.71686
2.84965
2.98401
2.36224
3.78059
1.26535
2.82194
2.40169
1.43305
3.66988
1.84025
0.759377
1.52522
2.25696
2.65661
1.64382
2.26465
0.092391
0.551684
0.693224
4.38892
1.62016
1.31095
1.26534
2.64008
3.17171
0.321211
3.38061
3.03047
0.484848
1.81543
0.891333
4.15554
3.40322
2.90535
1.76169
1.87662
2.18037
2.07616
1.6196
3.8867
0.827801
1.50042
1.73111
0.20154
1.51903
2.72609
3.30973
1.60809
3.45439
4.19982
1.50581
3.07891
0.76613
1.11374
1.86976
2.35393
1.4206
3.96629
3.50748
2.79521
2.09364
1.75904
3.88936
0.330671
2.69407
1.48102
2.28921
1.009
1.97965
3.22605
3.3477
3.46729
1.9844
1.12445
1.04254
1.52045
3.13108
0.77749
1.26536
2.05986
1.61338
1.31947
0.981931
1.17554
2.21926
3.31204
1.06266
2.05154
3.91009
3.7585
1.21789
2.46538
2.16172
1.59806
3.8792
1.99178
3.11304
1.43281
2.71261
0.263379
1.10173
3.73292
2.05345
3.19944
3.06858
1.94402
4.34672
3.99899
2.56083
1.31911
2.07874
0.523418
0.423522
1.18294
1.8286
1.2585
2.08905
1.86455
1.51197
0.215769
1.33699
1.85423
1.40081
2.48445
1.65829
0.679499
3.80351
1.5686
0.908925
4.15812
3.61408
0.183507
1.70548
3.44831
0.665258
3.365
3.53828
1.62704
1.70719
1.04974
0.0552615
2.56053
1.99999
3.20388
0.743199
4.89935
0.904627
1.42504
1.43261
0.965003
2.93736
0.923455
2.45162
3.94297
0.550452
0.177432
3.26429
2.36127
2.61974
2.47598
3.64818
3.56506
1.29649
2.31088
0.387436
1.91424
3.99165
1.86225
1.44973
1.1983
1.14907
3.13814
0.993034
0.55813
0.0228369
3.14291
3.38606
2.94192
3.26032
1.1045
0.740457
0.439577
1.44192
2.31456
3.13752
0.725404
2.7431
3.51911
1.42017
4.7811
3.42153
1.80635
1.39825
3.31919
2.31078
1.92451
3.09287
2.94029
0.398733
0.732557
3.2696
3.34824
3.04803
2.7138
4.6733
1.25801
4.58849
3.84728
3.1087
1.55037
1.79742
1.9043
2.9227
3.59905
3.57389
0.443909
1.16327
0.261969
3.06686
0.461776
3.21061
0.899886
2.73073
0.612232
0.0521202
2.73486
1.19976
2.04147
1.20401
2.67265
2.32711
0.377776
0.948993
2.53447
2.7056
1.56492
3.11262
4.83722
3.23667
0.550414
0.277054
3.28133
2.28786
1.06463
0.271742
1.74004
2.82431
0.416425
1.72917
2.50312
2.96151
3.23317
0.50859
2.75466
2.28155
1.75282
1.32952
3.11813
0.406163
3.61879
1.14954
2.57694
1.05095
3.06764
1.18383
3.3217
2.32159
1.53643
2.66945
1.68201
2.32459
0.0709676
2.3748
4.6651
1.21994
3.42571
0.736982
1.47177
0.819417
3.09231
2.48653
1.61763
3.15127
1.35271
2.53719
2.32331
0.451748
2.48539
1.044
3.28765
1.52491
2.07698
1.72695
0.828524
2.72972
2.09119
3.4309
2.63962
2.26099
3.7078
0.657694
1.53483
0.796633
1.55929
0.605719
0.762169
1.96841
3.7783
4.31676
1.62976
0.261071
3.53784
1.31444
3.14123
2.41258
1.67179
1.62553
4.26075
1.51246
1.78134
2.03153
0.534814
0.981794
2.08766
1.6201
2.24764
4.36634
1.79907
3.78592
3.86981
1.63808
2.50478
2.67583
1.19773
2.25322
0.927039
2.29567
0.205128
3.49235
0.868389
4.19898
3.54934
1.44705
1.28957
3.92793
1.93576
3.61405
1.00669
1.6095
1.42284
1.51771
1.66041
1.68576
1.82245
2.87217
0.0434813
0.130854
4.47905
1.00533
3.85284
2.36812
1.83018
0.183753
3.10406
2.084
3.45749
2.7893
2.85763
2.9616
0.225417
0.296459
0.372851
1.04829
3.30472
2.83544
3.01432
0.927537
1.75204
3.17815
1.11669
3.80784
0.195175
1.31374
0.0619652
3.56802
3.25585
1.53148
2.34632
0.675839
1.86231
0.505719
4.27808
2.41586
3.29125
2.23506
3.04106
1.55451
2.637
0.28215
1.70825
3.00288
0.770583
1.38932
3.93841
1.67368
4.2108
2.65605
1.52237
2.14317
4.25091
1.29609
3.33981
3.30517
1.05632
1.33215
1.81951
2.75884
4.55147
3.18358
2.31081
3.00519
3.51921
1.70045
3.7101
0.19949
3.40772
2.5344
4.05429
3.93532
0.0952495
4.24278
3.41209
3.00389
1.30824
3.02702
0.237499
0.00927952
0.987999
1.92116
1.79822
1.79105
1.75184
3.93731
0.386989
3.39091
3.28652
3.8549
4.90868
1.78874
1.60512
0.916618
1.26609
1.47613
3.14202
0.56158
1.10815
3.38366
1.27287
2.75567
1.75012
2.1299
3.92154
1.4366
3.6052
1.4621
1.655
1.78759
2.32227
0.992787
1.90637
2.4798
1.33537
0.25992
2.01769
4.20235
2.0159
0.403387
3.13443
3.48767
2.03027
0.302298
4.67323
1.65809
1.05322
4.18611
1.01486
0.273029
4.19727
1.90964
2.07761
2.08798
3.00375
1.51464
0.831371
3.49749
1.55011
0.760306
2.92878
2.07156
1.0357
3.79262
2.11426
3.6265
1.38906
1.71407
1.67533
1.82898
1.78509
0.623772
1.06668
2.26225
1.32233
4.18369
1.2503
1.8716
0.924909
3.83936
4.24757
0.830017
1.03888
1.37322
0.284028
4.19643
1.13447
1.78494
2.50113
3.07399
0.323215
1.24359
2.45166
3.86462
3.91528
2.02954
2.27005
0.128922
2.46904
0.423847
0.65179
2.17926
3.53412
1.93658
1.9315
3.06829
1.89726
1.03688
0.769547
1.69248
3.35824
1.03197
2.41015
2.63093
2.24134
3.07635
2.8698
0.652779
4.30343
1.28624
1.36897
3.31646
2.26611
3.2891
0.774352
2.04039
1.10784
0.777698
0.769358
2.34378
1.34228
2.5259
3.1552
2.72921
4.29483
2.96289
3.26661
2.84233
3.28941
2.05397
1.49452
0.982024
3.443
0.224112
0.663828
1.96297
4.24037
0.337961
0.714328
2.10607
0.0956443
1.07374
0.509157
1.36942
1.20153
3.24463
2.38202
4.45216
4.50508
2.97284
0.340942
1.24286
2.28008
1.18909
2.4284
3.75722
2.25285
2.16696
3.68267
0.0764736
1.74794
2.14194
2.00873
1.04881
2.4864
2.10532
1.8098
2.84582
2.73137
1.45982
4.09072
3.09159
0.0284827
3.26887
2.29197
4.18203
1.39545
2.35678
1.56506
3.99084
2.05023
2.2697
2.93377
2.02814
0.573405
2.73685
2.99869
2.6068
3.48669
1.7867
1.84635
3.24234
3.01895
1.08574
1.52664
3.94165
3.91299
3.24732
1.79414
2.8304
2.48412
2.71024
1.89393
0.0712537
4.12374
2.32065
3.76753
4.39463
0.249064
2.90707
4.09624
1.91052
1.79301
2.89468
3.73326
2.78045
4.71195
2.64289
3.69445
3.12289
1.86786
2.45697
2.89767
2.60025
1.42217
1.77929
3.67343
0.785211
1.02326
3.80759
2.51801
2.48635
0.832408
0.17902
1.96545
2.71512
1.6609
2.92462
2.44549
3.47993
0.714342
2.10846
1.98644
1.05331
1.12643
2.34549
2.62753
2.07594
1.04226
2.45116
2.54653
2.51463
1.00144
2.64822
1.1793
2.76675
3.04232
2.0063
2.46587
2.01802
4.66908
2.49792
0.110207
1.47955
1.29649
3.13328
2.78204
1.72524
1.85809
3.49352
3.84332
0.820498
3.36111
2.35723
4.86608
2.97884
0.968176
3.60474
1.6488
4.15859
2.10149
0.392176
1.66561
2.82763
3.31305
0.827294
1.4798
0.208629
2.74371
1.79698
1.14215
1.93771
3.53606
0.39723
0.6402
2.44987
2.72104
3.00674
0.817548
1.45265
2.16357
1.3818
3.6426
1.67388
2.15062
0.343238
2.68311
1.86089
3.33174
0.0834639
1.68142
0.804379
3.62221
1.62125
1.30209
2.60826
1.22666
1.15093