0.727575
2.50498
0.544121
3.39109
2.13299
3.24217
0.550833
4.73058
2.77456
2.33418
0.154602
1.84936
3.29321
2.75502
1.47465
3.43906
0.868638
0.534767
2.64764
2.00632
1.70251
2.19081
1.7031
3.31454
2.0903
3.50707
3.09742
1.69762
4.11667
0.0290333
2.51035
3.07963
1.0116
2.46076
2.64902
1.51885
0.926498
1.74857
4.24507
1.03342
3.90226
4.01644
1.85791
2.39367
3.42859
4.78795
2.35841
3.56262
1.21719
4.05048
1.90713
2.32416
0.829809
0.817394
3.26737
2.95599
1.28742
0.687159
2.74043
4.85705
1.75334
2.28439
0.759097
3.66177
1.95795
4.86614
1.60166
0.834272
3.16742
1.58869
1.9682
0.396802
3.3805
2.5282
3.12594
4.72165
1.36402
1.33714
2.42127
0.56499
2.30238
2.61686
1.6909
0.954439
1.50601
2.23202
1.30025
2.25818
1.36463
2.46367
3.52564
3.71951
2.52995
3.55483
3.50927
0.461593
2.6584
4.45418
0.394986
1.82254
2.78198
3.47157
2.10908
2.90419
3.01171
1.6909
0.121317
2.77914
1.51558
2.10822
4.38215
3.37274
3.16099
3.97236
4.57368
3.6146
3.52604
0.876461
1.76004
3.9718
3.59067
1.41016
3.62081
1.47516
1.09714
0.403634
2.01967
4.7602
1.25238
0.800332
0.0353419
0.462924
2.56503
0.719506
3.22489
4.09078
0.194252
1.86551
1.18339
1.95165
1.27786
3.45867
1.77968
2.84239
2.08371
0.52772
0.792138
0.228417
1.98877
2.67892
2.08809
2.56311
1.50786
1.37882
2.54679
4.3941
3.0675
3.15078
1.63758
1.58175
1.51605
2.32116
3.24033
3.59728
2.94611
3.15914
3.32661
2.25696
1.85136
1.41549
2.94496
0.990266
2.07421
0.151085
2.05958
2.92815
1.19372
1.74246
2.02671
3.33429
3.99166
3.12319
1.72429
3.11057
0.74216
2.40115
1.33053
2.61308
2.11988
4.32548
3.25107
2.51043
2.30266
2.16283
2.99839
1.63994
2.05336
0.414825
1.09269
0.0844492
2.50053
3.99781
3.71938
1.05999
3.76003
1.83697
3.29496
1.67781
0.329074
1.60379
2.49165
4.16775
1.15342
2.9903
0.822739
1.41364
0.990841
0.635865
3.90983
2.12369
0.730251
0.756295
0.995646
2.24054
0.744597
2.54344
3.02899
1.25495
3.24567
1.72924
1.87692
0.0870403
1.89058
1.54946
4.39125
3.63945
3.34523
0.364767
3.72497
3.49941
1.4507
2.23532
4.58635
2.70743
3.0515
1.73255
1.96244
0.663654
4.13681
2.33209
1.64409
4.39345
0.644834
0.5625
1.37228
3.26876
3.78644
2.18771
2.24626
3.08332
2.98477
2.0864
3.2847
1.13849
0.539105
1.06904
3.54041
2.83168
2.93404
2.86366
3.32438
1.77714
2.40471
4.18277
3.80885
0.922611
0.934039
1.21144
0.476796
3.15616
0.681185
3.13531
0.78675
2.9325
3.66068
2.30517
2.48372
2.3045
0.454194
2.13655
3.23911
3.3416
1.85691
0.837601
1.97416
1.3841
2.34772
2.2245
2.29484
0.547885
2.57769
4.38586
2.54612
2.45626
4.25016
1.69815
2.18026
2.56329
2.74313
2.26414
2.30377
1.56662
0.805224
2.33325
3.85535
2.06539
2.13613
2.34366
1.51498
2.07242
3.57393
3.39676
1.02565
1.33877
2.68159
1.7061
0.250896
1.03058
1.93229
1.80134
0.253667
4.23631
1.50502
4.23281
3.15982
2.99288
3.124
1.09342
2.80776
3.01909
3.97918
2.77332
3.5821
0.341974
2.43465
2.37315
2.57673
1.5985
0.214795
2.83191
0.115813
4.94885
4.87458
3.53999
0.815804
3.26912
1.41537
0.115489
2.53158
3.11461
2.47994
2.39522
1.65087
0.766391
2.55402
2.34991
4.59482
2.12714
1.21747
1.96733
2.15387
3.55271
2.32809
3.934
0.552775
1.31031
0.820681
4.3759
0.893919
4.40117
0.378563
2.32667
1.57626
2.96276
1.43662
1.09537
1.1924
1.60367
4.52854
0.292403
2.10401
2.72716
3.71219
3.08302
1.79335
1.2098
1.44068
1.3112
2.76286
3.49926
2.87466
3.05867
1.58828
1.26843
3.67059
2.88261
3.44578
2.8932
0.687908
1.85928
0.520588
2.47338
4.47127
4.65525
1.66612
1.03606
3.39306
0.917045
3.16801
3.01751
1.09717
4.04261
0.0590391
1.91847
3.91309
1.3248
2.8322
2.11302
1.25629
1.36315
0.16681
3.73059
3.21239
3.63617
3.84742
0.520679
0.49804
2.16647
4.22917
3.63639
3.64452
3.30674
0.0978808
4.14968
2.19817
4.50382
3.59634
4.26687
1.21209
3.42667
1.15087
3.51846
1.51958
3.85187
3.01789
1.75588
1.39174
4.22459
1.19665
3.68793
0.523332
2.42036
0.135244
2.82721
3.42927
2.77204
2.45535
2.64493
1.00199
4.82635
1.88612
2.80987
1.59491
1.48955
0.536559
4.68324
3.57266
4.66197
0.611683
2.03047
0.674104
1.94165
1.40951
1.82837
3.67672
2.05272
1.02383
3.51581
1.66141
3.22794
3.00803
2.76106
1.90552
3.52446
3.53644
0.802962
0.3318
1.57559
2.19541
4.31806
4.07128
0.682002
3.22695
0.841267
1.20896
0.855704
0.283408
1.62624
1.2172
2.31563
2.36007
2.43104
1.92575
2.39584
2.52048
0.153587
0.730754
2.60362
1.64231
3.56864
2.46738
3.97039
0.105763
0.850587
2.49637
3.15047
0.153467
2.43694
3.86046
0.675594
2.671
1.69645
1.2326
1.08867
3.05321
2.53454
0.64235
2.99579
2.5999
1.76466
1.30667
3.88902
3.16698
1.49276
3.05115
1.6366
1.94637
1.89891
2.69938
2.04678
2.08348
2.63139
4.3766
2.87353
3.07651
2.03808
0.633679
1.42597
2.47203
2.3567
0.897187
2.58696
2.09561
1.46477
0.49816
1.79657
1.45484
4.03425
0.732198
2.48076
4.09882
4.58072
2.04303
4.11258
3.40515
0.798195
2.53786
1.00956
3.0609
0.144984
1.66066
1.12265
2.23295
2.06699
1.76354
0.156393
0.342621
4.52627
0.461183
3.007
1.88776
2.35344
2.17467
2.14703
2.64993
2.36079
2.01234
3.33103
2.78863
4.8768
2.40732
4.40523
2.17543
0.312838
1.43306
3.31273
2.27859
2.3603
0.589996
0.840424
2.2278
2.22534
4.22264
2.10525
4.04883
1.56341
0.0282079
0.762158
1.33785
1.77663
3.94829
1.12848
0.546748
1.65215
2.38915
0.696984
3.25407
3.4857
1.96067
3.05133
1.13331
1.09723
1.42335
1.95119
2.13954
4.41046
1.66318
4.92827
3.50974
0.0240481
1.41323
0.0838684
3.30945
3.41078
1.81386
1.40032
3.89328
1.31877
2.1285
0.835956
4.775
1.83376
4.29591
1.13201
1.5991
2.90042
1.39906
1.48629
2.65784
4.64733
3.41964
2.97252
2.52945
2.361
0.695712
3.1475
1.08681
1.53144
3.74963
1.36648
3.37688
0.325334
3.08757
4.47209
1.88859
1.91951
1.9804
0.653491
1.64183
2.71434
2.6522
0.749539
1.71865
3.99531
2.30966
2.43989
3.18034
3.53292
1.52881
2.02385
4.71827
1.76779
3.39368
0.494893
3.64282
0.329471
1.41237
2.29596
2.32785
2.20795
3.99859
3.62677
2.1811
2.44257
3.98196
1.18318
0.341624
0.729247
0.109681
3.83327
1.45227
1.14828
3.45093
2.39263
0.945434
1.81558
2.48443
2.28457
3.85317
2.62301
2.49023
2.92355
2.77583
2.90413
0.633198
1.1497
1.58853
0.265252
4.14595
2.42296
4.0652
1.75947
3.39926
2.78369
3.10953
3.82067
3.91911
3.71318
4.10354
3.54679
0.458519
1.51961
4.30414
3.15416
3.8041
4.06044
4.39413
1.46389
0.291216
1.98365
4.45822
1.04125
4.06084
2.37672
1.59178
2.88231
1.60878
3.69131
4.74419
1.87225
2.85678
1.79841
2.45072
3.16652
4.80946
2.8527
2.22937
0.648538
0.858957
1.07335
2.1912
1.3481
0.54265
1.26204
1.42953
2.8216
2.37656
4.27021
3.01275
0.383897
3.72272
2.43032
2.46912
2.9966
0.742539
1.72617
0.0185422
2.60389
1.43864
1.02516
1.76402
0.217891
2.48131
4.43508
0.0873245
4.45309
1.61157
2.43508
3.12661
0.964391
2.04547
4.53746
1.39766
2.54769
2.42928
1.81299
4.02843
0.390233
3.43994
1.51245
1.03916
2.29359
1.61336
1.42459
1.37192
2.41277
1.68864
3.62088
2.35034
3.15407
1.36476
3.58605
4.12594
2.88453
3.00736
4.00483
3.06588
2.5021
1.65026
2.47133
3.66466
0.529046
1.98613
0.95061
3.90817
2.20956
3.57851
4.19079
3.07616
4.7635
1.37998
0.299784
2.59629
3.29658
0.771204
1.405
1.80987
1.59986
1.00106
1.34352
1.75679
0.754456
0.482761
3.35897
0.847992
2.59599
1.57153
0.38915
4.07363
2.13667
2.94796
2.32195
2.31212
1.89141
0.384125
3.54994
1.59093
2.16536
1.28176
4.15149
3.41545
0.616098
1.15584
4.11715
2.11594
3.73209
3.99135
1.46112
1.78789
1.64357
3.2801
3.02628
4.67452
2.56255
3.50684
1.85185
2.14923
1.55493
1.55282
0.830881
2.15161
2.40906
0.819723
1.87378
0.317021
1.05199
1.50061
1.12426
2.07568
2.52743
1.63333
3.1192
1.89081
1.3575
0.802747
0.00972015
2.77709
4.06315
2.07036
0.905489
3.35711
4.96549
2.97167
0.237964
2.57672
2.95684
2.45608
0.472567
1.04532
1.84208
3.71382
0.749979
3.00713
0.614841
1.1428
3.82384
2.6221
3.38748
0.38557
4.55772
0.424709
4.54833
1.91211
3.9341
1.75717
2.38043
2.72499
3.61352
1.61091
2.0566
1.23397
2.32089
0.532158
0.7085
0.742939
2.23596
4.88744
1.06236
3.42113
0.549707
3.01237
3.98102
3.62684
2.64657
0.343792
0.905781
3.18568
2.01188
1.36986
2.03853
4.59611
2.30562
4.13031
3.29232
1.75492
1.20917
3.25308
3.2992
2.65072
2.30583
3.72543
1.58972
0.884602
0.561462
1.16955
3.3538
1.84373
3.358
0.986895
3.88125
2.90593
3.8598
1.87494
3.96622
1.61097
2.71873
1.91876
2.11755
0.76942
4.62914
2.83955
1.08098
3.50228
2.46265
2.52708
3.26394
2.76304
3.68499
4.55876
1.27794
1.42508
1.87591
3.41775
0.945591
1.60043
1.68385
4.95473
1.40724
0.205013
1.69542
0.910863
4.37388
0.190316
2.31881
3.28615
2.54088
0.00839319
3.01807
0.482296
3.21499
2.55827
2.87399
3.75015
1.80114
3.03317
0.815457
2.98923
0.762154
3.34542
3.71392
3.37445
0.365804
2.05741
2.3653
2.27494
0.29923
2.66978
1.5455
2.72656
2.08301
1.57778
1.94795
1.20777
1.13343
0.629234
1.89303
0.105428
2.30406
2.2386
0.352092
4.17272
2.90447
2.01468
4.41615
0.659759
1.07299
1.58385
1.37076
1.63298
3.21224
2.23376
1.80033
3.46677
3.48101
3.15338
2.44048
0.751894
2.81726
3.53158
1.9768
2.17351
1.34088
0.484697
4.90744
1.58504
0.88455
0.948144
3.04217
2.94136
2.83162
1.39486
2.9076
1.02159
3.47762
1.46343
1.47643
3.34136
2.27209
0.501109
1.57302
1.32907
2.39993
2.13141
1.8899
2.29744
2.1556
1.72712
0.572755
2.05808
2.08609
0.88286
2.59312
0.809493
1.34664
0.486776
1.0844
3.60832
1.99089
3.01079
1.99783
4.01126
1.43346
2.30346
3.93668
2.00112
3.57942
3.14527
1.95796
2.00995
3.50296
2.7459
2.43532
0.715332
0.503105
1.10907
2.29954
2.57143
2.64405
2.10683
2.6495
1.61646
3.89288
3.01284
0.986142
1.50229
0.235594
0.512985
0.0865968
1.10163
1.2985
1.28815
0.944085
3.18376
1.37824
0.0151102
1.96347
3.91587
2.8984
0.475015
0.785188
2.37748
1.44814
0.114264
0.653812
0.349946
2.28977
2.7761
1.09564
1.69303
4.08847
3.9671
0.346857
2.36797
4.02553
2.60553
2.35344
4.38997
2.52523
0.550396
0.0505007
4.09338
0.268741
1.7973
2.14908
3.19801
4.12986
1.60233
3.23452
0.827809
0.798826
2.04303
1.3282
0.510652
3.17503
2.38691
4.35657
1.74091
1.83431
0.561805
3.41335
2.26794
0.228162
0.778182
0.857035
1.8273
1.26729
1.70993
0.986033
0.671793
0.861126
3.36582
0.673723
0.944568
2.90259
1.64987
2.44268
3.17916
3.80989
2.3851
3.83439
1.71488
1.68502
2.59297
2.71618
4.91787
2.66429
2.42546
2.82418
3.1658
2.72607
2.01528
2.23785
2.44369
2.38368
2.60991
4.72938
1.72979
3.89027
4.61886
2.01619
1.95722
0.653271
3.98162
1.84385
0.708116
0.158914
3.57461
2.45629
3.06271
2.06923
0.0674297
3.45628
3.16715
1.19024
2.00306
2.25771
2.58759
1.10335
3.1688
2.65804
2.85074
1.51794
2.3694
1.70373
1.78127
2.76559
0.634293
1.78024
3.55437
2.75189
2.42909
2.49778
2.59018
3.22494
2.7917
1.4597
1.31214
2.76135
3.96707
2.21648
3.39107
0.58297
3.66394
3.38725
1.31893
1.41537
3.67435
2.46871
2.28061
2.87997
1.18353
2.70638
2.75526
2.75557
1.75274
4.18198
0.722741
3.17321
3.30902
0.679577
4.10071
2.13278
0.421419
0.532845
3.21885
0.987832
2.90257
1.7701
1.90968
1.04892
2.3195
1.79173
3.0548
1.2691
3.32995
1.97322
2.26462
3.0173
1.06115
3.7747
3.58903
1.60959
2.05711
3.12857
3.02118
0.876298
2.7281
4.46035
2.30711
2.77788
4.58596
0.660808
2.94834
0.225924
1.73717
0.182748
1.04439
3.91715
3.3207
2.843
3.96434
0.548143
0.549252
2.20615
2.4376
2.23802
3.67882
1.26377
1.07365
0.810017
0.204325
3.05561
0.954426
4.84597
3.23472
1.23526
2.83376
1.74961
1.52875
2.20436
1.81247
3.61256
4.28957
0.699868
2.05194
2.82927
0.793075
0.860989
3.05593
3.2098
2.8988
1.37002
0.377977
1.84034
2.50459
2.34704
2.66783
1.6632
1.35097
3.40704
1.13041
4.17077
4.79371
3.55851
1.73716
1.3045
1.23523
4.52639
1.91246
0.96386
0.89673
1.07164
3.44285
0.339534
2.71199
2.08286
0.134956
2.51197
3.6179
1.0241
0.510786
1.34292
0.962714
3.96135
0.00752449
3.37337
2.21159
3.89107
3.1155
1.31686
1.78695
4.25153
1.72194
1.24213
0.907917
2.84712
0.895053
3.66414
3.27927
1.72471
0.527418
2.60013
4.16582
0.496076
0.707404
2.02398
4.79583
3.68349
2.7048
3.18723
1.37257
1.64965
0.313859
4.00994
2.17495
3.5816
3.49883
3.12569
0.989409
2.5114
1.40766
1.77363
2.56798
0.616289
2.13582
2.94279
4.78446
1.90272
2.53217
1.07403
1.39263
3.7704
2.26251
3.20872
0.458326
3.61683
1.01797
2.0314
4.99821
1.34663
1.9468
2.40753
1.98236
0.997035
1.03728
2.14733
0.97556
2.28101
2.12475
1.81531
0.0275704
3.59631
3.51564
3.55377
1.97705
3.46501
2.95703
3.56572
4.63181
0.999361
1.83156
1.92221
4.9443
2.21217
2.36365
2.46514
3.29044
1.20321
2.69405
1.34191
2.53195
1.39812
0.423812
2.81564
0.695337
2.27533
1.94762
1.81286
3.86182
2.18853
0.352237
0.969191
1.15827
3.03027
2.03244
0.905928
4.88433
0.94586
0.883411
3.45456
1.23294
2.37172
2.44584
1.41728
1.60065
1.77735
4.99473
1.48543
2.90104
2.2672
1.98451
4.95776
3.09678
1.05558
1.18941
0.610041
2.05313
4.84448
1.67117
2.20788
1.18746
4.45015
4.20853
4.15532
2.36189
3.65188
2.1568
2.28462
7.25613e-05
2.49052
3.29382
2.24231
0.866817
2.45391
3.09627
2.95813
1.49952
1.19894
2.23435
0.402538
0.873337
1.75504
4.31817
0.913453
3.21169
1.26272
2.56208
1.62849
3.42994
0.67176
2.32004
0.83484
1.65708
0.802329
2.87806
0.710671
0.800345
0.826004
2.20781
3.90571
2.3883
2.54601
0.990592
3.61027
1.9505
1.3919
2.74945
1.63457
1.90012
1.86773
4.64378
2.15735
1.71851
2.63974
2.33789
2.60712
2.12379
1.57767
1.42036
0.202733
0.70722
1.7526
4.49357
0.590897
4.02207
1.34445
1.88886
2.3692
4.40709
4.42616
1.43995
2.24061
2.34536
3.72254
4.73487
1.80564
3.78485
2.22165
2.05015
4.83512
1.9399
1.2403
1.00859
0.320231
0.153558
3.42179
0.145189
2.65434
1.23452
1.56567
1.64709
2.42821
2.86859
0.605485
4.78091
3.55291
0.268594
0.0943733
2.79773
3.51996
2.62637
3.42681
4.39025
4.85232
0.973658
1.85008
4.52043
4.19269
0.507795
0.873326
0.679564
3.06228
4.95527
0.0252674
1.73409
3.15403
1.7506
4.04517
1.60018
1.08108
2.9539
1.52935
3.49482
2.0981
3.68271
1.23357
2.43388
1.8576
2.05809
1.71281
2.60655
0.659099
3.8904
2.56154
0.73507
2.77429
2.30239
2.19992
3.17337
0.960387
3.2194
0.362024
3.67118
1.28073
2.81247
3.62134
2.02238
0.987133
0.506665
1.59348
4.07001
2.6779
0.913834
3.23837
1.59959
0.711279
0.69664
2.44177
2.7006
1.4826
3.24778
0.93847
3.00836
0.605114
2.02542
3.18656
4.20888
1.84293
0.757899
3.17342
1.24689
4.11565
4.85599
1.582
3.5856
1.02514
2.32214
1.20564
2.41183
1.73633
1.28702
2.04007
4.30877
0.869186
3.41675
2.62669
1.24094
3.63737
0.958113
2.22496
2.2069
1.73017
1.73067
0.827564
1.24629
2.47936
4.5314
0.798074
2.35628
2.29125
2.05182
2.32888
2.93619
2.47891
1.74163
3.04621
2.34328
0.199246
1.9581
4.14149
0.996499
3.8366
3.78588
3.15445
3.6204
1.83049
0.243983
3.99652
3.07057
4.12798
1.53064
2.77103
3.40341
3.83551
4.32073
2.7628
3.15869
2.04353
1.79723
2.09671
1.9225
0.12702
2.29533
1.92209
2.80045
1.04941
4.11498
2.52362
3.41292
3.632
0.13927
1.87371
2.54163
0.973556
1.76943
3.97563
3.32038
2.0413
2.3845
1.47694
0.0211634
3.62722
2.73137
2.6558
1.63615
1.45855
2.2944
0.806614
2.23198
1.8653
1.12623
0.619102
0.830888
2.15109
3.79116
2.66845
2.71676
2.40285
0.163706
0.473827
0.330921
2.09437
3.01634
0.791244
3.35417
3.05524
2.85357
4.19803
3.80163
2.51191
2.60177
2.13775
0.93876
2.57254
3.23432
2.35438
3.84591
2.06135
1.51805
2.08488
0.621482
1.51606
2.19349
3.96092
4.14152
4.27412
2.9558
1.39093
2.22799
1.56637
3.46628
3.57545
0.883195
2.75561
1.61901
2.68581
2.4114
2.76162
0.620807
1.35062
2.99113
1.0133
2.47397
0.489865
0.445394
1.46335
1.03399
0.441625
3.19335
1.92001
1.72968
3.60212
4.58543
3.3589
1.22108
1.62433
1.23629
2.4994
0.112312
2.77162
2.68985
1.73537
2.42066
1.5321
2.98147
1.11082
0.182356
3.56091
1.18339
1.06056
1.06519
2.80016
3.84375
1.21522
3.04534
3.40657
4.29559
4.19554
0.124464
3.3732
3.1844
1.53104
2.82061
0.937183
0.822531
1.81039
4.16727
1.17219
2.48668
1.65715
2.97788
1.44099
1.0574
4.40696
2.28257
0.554125
3.23245
0.787093
0.447011
0.494362
0.875179
2.58736
4.75206
3.26878
1.24182
2.78252
2.98782
2.58149
3.29661
2.92844
1.37961
0.476964
1.93259
0.425613
1.06414
2.00627
0.758257
0.203703
0.331722
0.879663
0.724108
1.9239
0.923201
2.51644
2.30235
3.21792
3.52907
0.886518
3.57807
1.04157
3.36342
1.1285
1.48966
3.15056
4.24961
1.9848
3.7587
3.69035
2.77189
1.40196
0.383169
1.67065
3.55385
1.90332
3.36648
0.86996
2.71159
2.49992
3.08649
1.78234
0.293696
3.6778
0.00657238
4.29652
1.87138
1.53489
1.94191
2.39588
0.313958
2.31212
0.312504
2.28413
0.225558
1.13234
4.09199
0.93913
3.30437
0.525325
0.735559
1.89001
1.95593
2.01262
0.89429
0.29347
2.69274
2.16871
2.59425
2.34446
3.66265
1.12342
0.307888
0.936826
2.07084
4.51602
4.43954
2.48685
2.18337
2.16952
1.12143
1.63271
0.390872
2.54229
3.07978
4.74375
1.93663
2.89198
1.20414
3.85301
3.16218
3.62708
1.62306
3.20754
3.06211
3.66843
1.26028
1.74713
0.83036
0.0211775
1.23619
0.884725
2.4812
0.448082
3.93784
4.52568
3.30846
1.44269
2.89974
1.57506
3.60251
3.61043
1.83259
0.298329
4.93748
1.46487
2.07656
1.68059
1.66423
1.47954
1.11229
0.864879
0.0791668
1.88424
2.40927
0.477413
1.51603
0.973312
2.62459
1.01469
4.57753
3.3568
2.72467
1.9369
0.0347307
0.623577
0.184954
3.37353
3.73653
1.37907
1.39383
1.53561
2.90507
1.76184
3.01384
1.58516
1.08376
1.46344
1.41484
3.41017
1.61298
1.59286
3.05589
3.43576
0.459016
3.6146
1.19779
3.21187
1.49823
1.82069
0.541447
1.30728
1.99557
1.08011
1.99917
0.728113
2.12819
2.36938
2.2228
1.30872
4.44213
4.29746
0.621065
1.81906
2.65312
2.18862
2.62157
1.1919
1.91508
0.415293
2.96624
2.32317
3.16093
4.96108
0.434479
2.18572
3.04188
2.42996
4.08799
2.42083
1.4659
0.84247
1.69909
3.91169
1.12335
2.70682
1.90575
2.55587
2.32348
3.22681
0.0650253
2.62548
2.80555
2.59301
0.908225
0.66458
0.755717
3.90345
0.749985
3.32194
0.606716
2.42719
1.79475
1.38774
2.47668
1.11847
0.382262
3.4372
4.68376
3.84714
1.49996
1.54124
4.51629
4.03537
0.873948
1.54063
1.16534
0.413421
3.08633
0.161434
4.55658
1.91504
2.54277
0.098906
0.359819
1.56945
2.2097
2.08364
0.330301
1.84719
2.85168
1.27668
1.63559
2.09439
1.11618
2.65314
0.622429
1.48698
2.30586
0.86646
1.5625
2.74146
0.866452
3.22741
0.102186
4.9877
2.12483
0.129038
0.835737
0.294116
1.33008
2.69933
3.28
1.39541
2.69509
0.386179
2.28652
2.37064
2.21978
4.15805
2.46944
2.1703
2.04586
1.10071
0.382916
2.80909
0.738146
0.399946
3.02132
3.35299
1.65383
0.0145494
2.17619
2.23169
1.14871
1.83033
1.73136
2.58377
4.08829
1.88086
1.9037
0.266862
0.437549
3.12645
2.88999
2.70382
2.45109
2.93139
2.3264
1.44509
1.64467
1.45604
3.15252
2.30672
0.619075
1.25846
2.14099
1.19696
2.42384
2.82068
3.41524
0.792385
2.4222
2.74689
3.61423
3.81853
1.84594
1.88326
1.35404
3.60836
3.54266
2.29416
2.33703
3.09116
3.806
3.53703
1.81764
3.09202
1.25633
4.64469
1.9993
1.274
2.60404
2.57376
4.07009
4.99949
1.09672
1.38741
2.16564
2.71929
0.541827
2.08708
2.48008
4.02618
1.50989
1.61208
2.43751
3.17156
3.04739
1.52102
2.20555
2.35663
2.59229
3.57319
2.36793
0.642691
4.0685
0.190127
1.95836
1.12222
0.483004
1.01551
3.6075
1.50203
4.25793
3.2425
3.56724
2.5654
0.0644944
1.81248
4.42775
3.81613
4.12428
4.31791
0.631778
1.56372
0.269801
0.987696
4.19498
0.404288
3.69545
3.43922
0.065281
3.32614
1.59317
3.62193
2.54402
1.14902
0.960369
2.84041
2.34657
2.54087
0.472591
1.04714
1.65146
2.65742
2.50958
2.65742
1.37719
1.47531
0.987089
3.21802
2.74288
1.39828
3.07158
1.46727
2.87704
3.15039
3.43572
1.80128
1.60976
1.90942
4.34883
0.0907029
2.00139
1.11404
1.44738
4.69563
1.48081
2.35502
3.94901
2.82449
1.39842
4.30148
3.42391
1.55781
2.07669
0.926264
1.05714
3.64349
2.81268
4.4348
2.72029
3.00366
2.47604
2.22115
1.57282
2.94589
3.64287
0.736427
3.29368
0.215409
3.42923
1.00169
2.069
0.42044
0.795056
1.81292
0.767639
0.176704
2.57149
3.10046
1.74859
1.6616
3.79818
2.24
2.83681
2.28347
3.74206
2.02818
1.54939
3.70788
3.83033
3.33348
3.17457
3.55825
0.711457
3.13492
2.74255
2.94485
1.73651
4.39003
2.93831
3.31466
0.37992
2.02288
3.11521
0.856362
0.274799
1.08088
1.12467
2.33757
1.19889
4.69312
2.84993
1.67152
4.59423
2.40287
0.73379
0.307376
0.861029
2.08668
1.74681
2.26589
2.1454
1.4214
0.0798683
3.78023
1.86231
4.60814
2.94532
1.01637
4.63198
0.849473
4.38604
4.30587
3.02756
4.93553
2.51402
3.93268
0.656265
2.51018
0.744809
1.67516
3.83741
0.97684
1.37919
0.964385
2.51273
0.0725367
2.70292
4.65352
3.40155
4.55831
1.49767
1.62308
1.36824
1.95206
3.10934
2.97522
2.43361
1.12928
0.873595
3.68711
0.788661
0.893608
1.08269
3.22771
2.35637
1.01785
1.89098
2.55835
1.66598
1.73821
2.17551
1.3913
4.01926
4.43778
2.82094
1.84684
2.29832
0.73973
1.30701
2.26797
0.805001
3.41977
2.13454
2.72658
2.4752
3.68295
2.46346
2.19093
2.73054
2.34605
3.30549
2.03995
1.26627
1.6425
3.01716
2.22426
2.2926
1.68547
1.7954
2.55828
2.91724
2.59043
1.72931
1.18883
3.08223
0.890705
1.76594
3.72971
2.54163
3.02262
1.6669
4.22243
2.49139
1.58966
1.59344
4.37848
0.622007
4.1127
4.04952
0.619618
3.47445
3.22907
0.92783
2.88059
1.50613
1.76708
1.24259
2.69978
1.13927
0.0337721
1.44368
1.92436
0.0582648
4.8294
1.56231
4.81637
2.49493
0.859212
4.44599
3.70533
3.49892
2.48977
1.79108
1.97518
4.07725
1.13797
2.26633
2.5942
3.07895
4.39148
2.72329
2.43427
3.4052
3.57534
1.82116
2.42441
1.22205
3.27475
1.85217
2.28605
2.12085
1.47994
3.93529
1.83702
1.33871
2.64227
2.88705
3.43728
3.21252
3.52237
4.23179
2.05574
0.796349
1.63077
4.0996
2.31061
2.22784
0.771725
2.6688
4.38181
1.23291
2.00566
4.65628
1.72506
2.16173
1.32639
1.39587
1.81233
1.61797
2.0014
2.745
4.36086
1.54796
1.86352
2.17637
2.00507
1.84447
0.474728
2.80649
0.983802
1.55547
1.31625
4.50965
3.18757
1.62006
2.01592
0.596907
2.15213
1.72162
1.24984
0.653419
1.04803
1.468
1.18271
1.58438
4.28427
2.94645
3.83343
4.08917
2.84118
0.855524
3.3624
0.99874
1.20283
1.146
3.09442
2.08753
2.99802
4.8714
3.31439
3.93041
0.483227
2.84349
0.485564
0.317707
2.35321
1.20822
2.81495
2.94481
1.17547
4.07973
2.76769
0.305042
4.52105
2.48999
1.86606
1.75999
1.66847
2.91821
3.3685
0.943001
1.57748
0.0352353
2.90011
3.75432
1.90296
2.94708
1.63036
1.16074
1.67757
1.46838
0.970541
1.24438
0.543505
2.87463
0.8226
3.44794
1.36216
2.86565
3.52412
1.93229
2.70712
2.53856
1.11604
1.95203
0.647361
2.4326
0.0156823
3.94372
0.489696
0.542981
2.47607
1.59937
2.64143
1.15218
1.13184
0.543928
1.88904
3.81298
3.24332
1.75809
0.3719
0.82237
2.062
2.77835
2.26771
2.30212
2.56382
3.29033
0.809312
0.79689
1.40168
1.76905
0.48659
3.7371
3.14249
2.38013
1.39139
0.307791
1.82764
3.41422
0.489016
3.60761
0.702379
0.160305
3.41645
1.26172
1.82068
3.16789
2.61431
0.944207
3.34011
2.18144
2.18937
0.444234
0.967998
2.05724
1.53064
0.409525
3.98083
0.176099
1.45463
1.25406
3.64639
1.40437
4.21081
2.73969
2.24161
0.985082
3.57589
3.03823
3.9142
0.136248
2.70197
3.48203
2.71479
0.969316
2.80533
3.53586
1.08789
1.40083
3.97159
4.31845
2.78775
2.07227
1.12733
0.755579
3.22505
1.62899
2.5253
2.40837
2.29451
1.58063
2.04057
2.10813
1.66849
0.23745
3.84479
0.235275
4.78794
2.93824
1.49097
1.57223
3.21133
2.63435
0.878216
1.48109
2.18121
2.68362
3.60609
1.93225
3.66855
1.3702
0.873808
4.62146
2.7301
1.87223
1.22734
1.43286
1.76556
0.907723
3.92718
0.894847
0.953878
2.72508
2.01098
3.60406
1.15933
1.92041
1.11171
1.65845
0.367554
2.61284
3.07465
2.0672
1.93002
0.665415
2.45146
1.66847
1.65583
2.93003
2.24992
1.09917
2.36199
0.749559
2.99215
0.364641
3.50566
2.99713
4.43541
4.06661
1.56765
1.41658
3.19073
0.754316
2.37908
3.81426
2.39488
2.84162
2.57706
3.79171
1.8929
2.42925
1.15222
2.99946
3.80525
1.68008
2.16427
2.66968
2.7385
2.65384
0.917439
0.648259
1.54735
2.49613
0.790233
2.55737
1.05621
2.36302
2.88388
2.04525
1.68832
2.70717
4.57927
2.49863
3.85964
1.82905
2.86095
2.06148
3.26078
1.31037
2.39925
2.16574
0.672942
2.25723
3.33353
0.752861
2.21123
1.50454
1.39059
3.71136
3.11021
0.678844
4.26082
1.73802
2.26419
1.46274
4.8096
4.99212
2.39007
3.32822
3.64746
2.69318
3.89851
1.69563
2.95704
3.19954
1.87529
2.47506
1.23874
3.77807
1.78525
2.2903
1.80338
1.95536
2.97622
3.96964
2.21568
1.99066
0.0330971
3.23485
0.0338047
1.60898
1.31662
0.287574
1.83713
0.751045
4.90914
2.31507
1.20039
1.4662
0.348401
0.65283
2.14323
1.0313
1.2059
2.13399
3.78258
2.5447
3.38315
2.74364
1.69635
3.04135
0.577103
0.942395
0.279346
2.09206
1.61927
1.54164
0.0643314
2.94873
3.06777
2.05896
0.170923
2.82202
0.964875
3.36351
3.27545
1.19675
3.91816
0.569532
4.17889
3.63403
3.91419
3.00896
0.127474
3.70518
2.38788
3.71064
2.73072
2.62492
2.01879
0.960111
3.58528
1.51007
1.30301
1.06356
0.564798
1.97325
1.99453
0.740002
0.013189
1.03418
3.88562
3.93267
1.9862
3.75072
2.3463
2.65659
3.00882
2.37812
2.74417
0.701855
0.292894
1.20202
1.58981
1.93268
3.41228
1.06162
1.75014
4.60925
3.16568
1.9706
2.66827
1.34212
0.922429
2.41181
3.79213
3.52083
2.60919
4.22866
1.69878
3.20521
1.30651
3.33796
2.44433
2.44324
3.08903
0.122865
0.663284
0.435488
1.66964
2.97428
0.104078
3.38864
2.99672
1.03853
1.59267
4.02133
0.992993
2.81926
1.56635
0.937218
2.1428
3.29471
0.899808
2.4526
1.70889
1.99783
0.197432
1.47687
2.81884
3.83584
1.68677
2.00652
3.35342
3.0412
0.707823
1.40656
3.01971
3.00822
1.78977
2.1626
2.80843
3.89605
1.32041
2.48544
1.1271
2.56097
2.37756
1.2373
3.51022
2.6659
1.94807
3.00954
2.0975
2.88659
4.49137
2.12646
2.9324
3.68187
2.35395
3.38387
3.02765
2.20935
1.44333
1.10094
1.2335
0.539771
1.97922
2.64079
3.62044
3.43344
1.6343
2.27418
0.33503
1.87175
2.95112
1.15001
0.709421
4.39566
2.92035
3.52369
4.31164
3.24375
0.696273
4.3181
1.95625