12.1671
9.1919
6.57949
11.7498
7.33918
4.10145
9.63989
11.0319
12.5547
11.9618
9.31458
8.59021
10.5697
7.81702
7.33172
10.4745
5.27968
8.86654
2.02338
7.72468
9.48702
4.55008
5.4398
5.07805
8.42366
10.3363
9.82065
7.29217
14.7664
9.31061
12.7492
9.32749
11.2364
7.48737
8.85905
10.4176
4.77605
11.06
12.6987
8.98568
12.1237
12.6242
9.56204
13.2606
10.3751
17.1387
11.8982
11.4388
5.97767
6.63677
11.4956
11.2089
8.38919
5.04671
7.17747
10.1474
11.6501
4.55816
6.10271
9.43023
2.47497
10.3128
11.208
11.0096
9.08227
10.7728
10.0058
14.1745
11.9761
4.67618
8.8063
13.0619
9.2983
9.03347
10.3729
7.79988
3.11331
14.6123
3.76746
9.19438
9.64445
9.09032
6.5182
8.79215
8.6732
17.4157
7.84217
7.51901
4.82566
11.0863
11.1966
14.9225
8.32286
9.58045
9.33527
12.4834
6.63024
12.0568
9.53928
6.93279
9.50451
8.63256
7.4028
13.9185
6.06247
12.2797
9.22495
8.91151
12.3682
6.86765
8.91172
18.9333
10.3129
7.93432
15.1179
4.45725
9.82957
7.68448
12.6943
16.6036
11.7642
9.67322
15.5271
12.4748
12.4057
8.96152
10.0582
12.0578
9.91529
8.96449
16.2344
10.6974
12.0289
7.31585
10.3447
13.0422
7.42896
10.9778
11.7813
9.98154
12.8664
4.6491
2.53099
16.8704
15.8078
12.3046
11.3813
16.5444
4.15691
14.3545
3.6205
9.19053
15.8154
8.89327
11.6336
7.72171
3.59331
6.48584
8.68764
9.68876
6.22699
5.93792
6.50231
12.6697
4.30157
10.1805
7.40546
8.39507
8.24258
11.2412
6.33742
11.4333
8.84781
14.665
8.84925
7.71841
8.16532
14.1146
10.428
9.01809
14.548
7.2867
10.1875
8.25254
9.48816
6.14186
10.0251
11.564
7.91534
6.87282
6.29355
16.3308
4.55181
9.34519
11.6135
6.553
10.0691
11.8476
7.90014
8.25882
13.7774
13.6062
13.2356
14.4556
16.2738
11.0002
10.1394
12.276
14.1915
7.58898
13.6594
13.2489
2.44146
7.74397
11.0427
11.1575
8.44318
3.72693
10.3561
11.2892
6.90057
8.03913
9.18543
7.73382
8.3859
5.94831
9.71624
14.428
9.38429
8.89128
10.7089
18.8457
13.85
8.30086
9.98057
8.24797
11.0496
9.61137
1.98806
12.2345
11.0796
9.66218
8.53612
8.85535
7.80536
9.12807
8.6342
7.6393
11.5259
12.2475
6.12703
8.22264
7.34609
10.8674
15.9639
12.9717
9.11111
12.4887
12.478
3.53437
18.2339
6.83433
13.0641
10.0673
12.4966
5.18384
14.3702
9.68883
12.2661
13.745
9.04088
6.93676
12.2358
14.3417
7.36492
4.36998
8.12398
16.5509
9.93339
9.51098
8.28169
12.1574
11.5249
7.57501
12.6116
7.82088
7.30465
14.6115
11.4473
8.27713
9.3463
7.83766
8.37055
11.6693
9.95568
14.9448
6.58282
7.14641
9.32448
9.90167
5.90844
11.0347
5.55838
7.3074
5.28899
11.2199
7.69212
12.9624
9.32539
7.1336
4.88527
13.9963
6.01965
16.1508
3.92115
8.13969
8.06231
4.37978
11.7444
7.72361
8.22571
6.79162
12.5344
9.88257
3.8814
16.05
11.7897
4.97774
10.0264
13.9147
11.3015
8.12871
11.6214
16.0617
8.5163
7.08376
6.14278
8.92869
10.1202
11.0222
9.04143
13.2847
4.61349
18.7433
10.76
14.9654
10.8946
8.20305
8.87944
6.85603
9.05157
8.28039
10.0532
11.865
6.86482
5.23463
8.51031
7.81867
4.45003
11.8052
9.81086
11.4228
7.87161
6.72797
7.91305
11.8935
8.33123
7.29665
11.0935
14.5545
11.7674
16.4285
12.9801
9.41011
7.70309
7.37512
9.44692
7.8004
8.52518
8.76537
8.97547
9.23518
11.1929
9.15062
11.38
4.79691
12.1097
3.88373
7.86651
6.71857
7.46328
10.6707
10.4239
15.4955
9.13153
9.95004
13.1665
12.8008
10.1002
9.8428
12.2003
10.0727
10.3416
5.61942
12.9639
11.2578
11.6224
10.8597
7.21709
8.00634
12.8544
10.0482
13.8015
7.34609
7.54474
10.0403
14.0053
6.89523
6.68613
7.20466
11.5481
6.41513
12.4377
9.33354
9.96076
8.75181
7.24177
12.2788
11.7318
13.5862
8.1721
4.06335
3.62571
10.8704
15.0636
4.08479
4.72179
13.805
8.06698
10.0203
11.7367
2.70384
11.5535
8.6183
16.6428
10.051
8.35148
19.8733
6.94513
8.72435
9.19886
3.70841
13.6372
12.4762
15.6054
12.5382
9.78392
8.81251
8.22305
15.7901
6.90147
9.49451
11.0418
12.3608
11.3674
5.10133
7.29178
4.27487
10.545
7.13394
7.48622
12.1948
5.35774
10.6432
9.23716
8.28806
10.1792
7.41814
7.27504
6.28076
16.3235
5.72206
8.94394
9.7658
9.70417
6.91864
5.69961
5.04531
13.0399
4.23715
9.44176
11.8444
6.26346
12.731
8.50898
10.2953
13.761
14.0704
11.4753
10.0163
9.1356
9.64844
10.6584
11.7165
10.6788
10.8695
6.88397
4.9354
13.8295
7.24122
10.4017
10.4859
8.4048
13.7577
12.9763
10.1907
10.0006
6.65328
13.0498
13.245
8.60747
5.29358
15.2684
10.6552
4.33617
11.7036
12.7231
8.23951
13.1963
7.77909
7.61965
13.8985
9.3399
12.38
6.75264
8.19645
7.90319
12.5674
11.4837
9.72268
6.13353
7.88899
10.41
6.61073
8.7955
14.342
7.03846
5.64232
14.9373
5.58656
12.5144
10.6769
17.7033
6.44766
7.45819
11.063
12.8702
5.17859
11.6572
10.6825
4.08693
10.6582
9.03112
12.8825
8.32797
9.4992
18.2384
3.02545
5.14328
4.40903
9.55338
5.30852
10.207
12.2059
8.40353
16.5196
7.77257
5.50505
6.25651
9.92915
6.69731
18.2916
10.5524
7.02046
9.82538
13.7065
6.88687
6.23075
5.79153
9.02369
9.58005
8.26235
10.8087
14.2465
8.28118
10.5419
8.7173
10.2259
9.91285
7.82701
10.7935
13.3978
14.6425
9.10288
10.0107
7.60347
12.8198
8.84314
14.114
11.2179
10.4755
10.7455
8.1159
6.65777
8.18252
9.35859
11.3458
8.87093
3.81254
17.6541
6.43229
11.3792
6.08552
12.2859
16.5325
11.6595
12.9431
6.39706
10.381
7.63335
15.2802
8.77914
12.2418
10.887
8.71103
11.1761
7.13045
9.97189
5.39588
10.3182
15.0085
8.94092
7.32902
11.9617
8.95562
18.3783
10.0481
9.06684
13.8913
10.3092
10.1053
6.841
11.2123
7.44017
12.9736
9.16739
9.90109
12.9459
7.47851
6.84817
16.7263
6.06418
10.0689
15.3871
7.81807
13.7961
9.7537
12.6683
13.156
16.7556
10.1077
11.2771
8.20913
11.9025
12.076
13.6073
13.8422
10.2319
5.76879
5.00761
11.8394
10.0598
8.95312
10.9535
9.43089
5.27325
9.16983
6.09571
8.95733
9.06784
13.8193
11.8251
11.0883
9.51353
13.1859
11.2279
8.65794
11.4754
12.7455
12.0485
10.5992
10.4527
9.54639
10.4638
12.548
5.07585
6.77903
5.24909
8.2256
5.73666
12.0558
9.12755
13.8208
8.14643
10.2308
10.1271
8.29012
14.9965
11.6015
16.9459
6.74679
8.4644
13.57
13.8293
9.19056
14.0616
5.92559
13.175
12.6073
14.226
15.1635
10.9992
9.60812
6.54874
14.6272
9.82493
9.37042
9.99508
12.5954
15.6054
10.6872
11.424
12.6695
10.0032
13.281
6.96278
4.2368
12.4709
11.6662
6.23825
10.4738
4.64945
13.464
7.61565
5.61265
16.8187
11.2509
8.79638
5.51988
3.4196
9.11643
9.59326
8.35216
12.6214
9.5697
4.67986
4.96668
15.3129
6.5768
6.54394
16.4784
11.2957
8.70793
14.0476
8.04523
5.01893
7.64711
11.8094
10.8969
5.80187
11.9573
12.1851
11.7529
9.57472
2.73301
3.62496
12.266
8.4923
9.17495
7.23435
8.60425
6.66428
10.8819
8.66099
8.33067
6.87555
10.3613
7.36683
12.7056
8.44793
5.43037
14.8176
11.5493
10.2903
10.9796
3.1759
7.6802
13.641
8.93331
5.12101
14.9653
11.9419
9.44589
5.04517
10.0011
4.44609
9.04688
6.51827
10.0553
9.04031
7.92263
10.9066
11.383
8.83535
5.41214
7.07142
8.67005
8.84952
5.61885
10.9399
13.8688
8.38196
9.97501
11.2737
8.32214
14.1651
12.0467
10.8741
10.3051
11.4862
15.0321
9.39536
6.46412
6.48789
4.82808
9.8772
12.0185
8.92125
10.2043
9.84242
6.25187
12.5194
6.21718
10.713
7.43504
10.7682
11.5546
12.4093
6.9713
7.18771
12.9196
6.87419
5.72317
10.373
9.51576
2.49805
6.27525
9.22291
7.53128
11.318
9.47742
8.9594
13.1453
15.9377
9.24179
9.28924
7.85629
12.3563
11.1038
10.8788
13.469
5.44824
13.5267
9.34425
12.5258
7.5005
12.0592
13.2678
10.461
10.299
10.4556
7.07781
8.13478
2.21988
13.0056
6.73974
12.6167
8.41973
15.6479
9.72783
12.9322
12.1937
10.9507
15.5346
5.95219
8.41948
9.37409
9.42359
6.79405
13.4355
9.40059
16.9894
10.4127
9.48694
8.51346
5.48261
12.1615
8.79209
10.3296
9.56041
11.6335
6.32171
13.2079
9.25615
12.7542
5.33766
6.96036
10.8349
11.2491
13.1495
7.53594
8.98581
6.77595
7.29991
10.9772
11.9672
16.2924
14.3802
10.9455
8.31565
11.2765
8.31273
6.54284
4.95355
3.53566
4.35549
10.1441
14.8799
8.93497
14.0409
13.6397
14.8707
6.78796
7.98015
3.59942
9.23944
5.53007
5.39815
10.7496
18.2815
11.2461
4.00414
6.02932
10.8877
15.5666
7.99804
8.63958
4.08324
13.5662
9.49874
17.1799
8.691
13.7519
10.7201
11.935
18.0402
9.44246
5.32582
14.4342
5.70019
11.7696
7.47179
7.65332
6.0236
9.09676
7.42558
9.11589
12.7728
15.0336
5.86088
9.96064
14.7827
4.17592
10.746
13.018
9.46389
16.4912
7.13864
11.948
11.4885